2 0.368405843948653
3 0.47969855101417536
4 0.49316878834734995
5 0.4155437158880814
6 0.4804527580761471
7 0.4374351033014073
8 0.45980998908561155
9 0.43268253231717385
10 0.482633195070584
11 0.5076150585584924
12 0.5150640999402926
13 0.43909499573877925
14 0.38232067858592067
15 0.38671859683024173
16 0.4319844878853468
17 0.4383526684175449
18 0.4019385582051239
19 0.40395645341567565
20 0.38700588027722804
21 0.38663713977742215
22 0.3915892901994273
23 0.36727608615000684
24 0.39091620798881327
25 0.39408931292067506
26 0.3632261870748578
27 0.34695909165359023
28 0.3587790232890868
29 0.3653059813602403
30 0.3568185067150678
31 0.3654837237168417
32 0.3661280439967178
33 0.3353502268337716
34 0.3790620789053317
35 0.3508362613783806
36 0.3389288295029478
37 0.37364967794500553
38 0.34521932242662534
39 0.3538523675460987
40 0.3211919142771797
41 0.330052275291673
42 0.3413449251901244
43 0.3316440004279347
44 0.3187187178650721
45 0.32755610338405555
46 0.32955468630527285
47 0.3113173806038011
48 0.3095556315560049
49 0.3002457996157065
50 0.3082343988318801
51 0.3111773395384692
52 0.31252548838392513
53 0.3078849770199144
54 0.3090408376072097
55 0.2920626064931002
56 0.29602325255152045
57 0.3154989580679187
58 0.2950854475836686
59 0.29161250740333183
60 0.30202080464605124
61 0.2974468577511828
62 0.28573924438384524
63 0.2805136961938329
64 0.28829588265339007
65 0.2926192491427841
66 0.2929023828174825
67 0.2811273989226008
68 0.27340197327381704
69 0.2842314268786514
70 0.29450761577928297
71 0.28727171375939325
72 0.2974017689976524
73 0.2752356842402955
74 0.27667790179191454
75 0.2839327998771574
76 0.2754242957977
77 0.2734403679973011
78 0.2819157707345755
79 0.27986225746274096
80 0.28228826756881886
81 0.28334296747527055
82 0.2844997850176584
83 0.2807185716827849
84 0.2713549680134267
85 0.27308827237778677
86 0.2797985342615523
87 0.2774513950990462
88 0.276937430138091
89 0.2816919562095392
90 0.27788009695072813
91 0.2696922060948107
92 0.2756866214268009
93 0.2757913805757818
94 0.27031240420123287
95 0.28018354845521143
96 0.27243624357799584
97 0.2712899625203039
98 0.27946590434503016
99 0.2605133808899652
100 0.2744499828748741
101 0.2738081602504633
102 0.2809449610259439
103 0.26731100451696865
104 0.27452647138416214
105 0.27723558952017746
106 0.27464469923949725
107 0.27752461652868904
108 0.2637404668765532
109 0.27330844289059114
110 0.2737834721500748
111 0.2660489231998148
112 0.27969673531881395
113 0.2675988721724867
114 0.2743179493039774
115 0.271147919579271
116 0.2750337709662789
117 0.26420965323186985
118 0.26264272826266627
119 0.2701381912845145
120 0.26134050139464104
121 0.26963094232919904
122 0.2744960427716956
123 0.26237921748668735
124 0.2636358847479314
125 0.2656507032528887
126 0.26624956926199955
127 0.26630902589528016
128 0.27189984501432646
129 0.26039116162791887
130 0.27296092689025087
131 0.2712850979630815
132 0.262548747746046
133 0.25937820925371363
134 0.26679674074034937
135 0.26793297927481213
136 0.26008093626061
137 0.2647667550892103
138 0.2662900592042327
139 0.25475581987232965
140 0.26529299620558244
141 0.26900946529129943
142 0.26301005329021915
143 0.26605276321593513
144 0.2617011944839652
145 0.2706985531325604
146 0.27040103395446796
147 0.2747282702726647
148 0.26514106763708956
149 0.2728039847176553
150 0.2662522168487443
151 0.26074807735424066
152 0.2618472117807005
153 0.27214991991203846
154 0.27388930919671983
155 0.26953324647683
156 0.2639294189702823
157 0.2666304220592388
158 0.2767271441288537
159 0.27029528536686975
160 0.27468727469794674
161 0.26605946361465854
162 0.26728199212671594
163 0.27586498596512465
164 0.2769808648070855
165 0.2712499033423287
166 0.27687830706397243
167 0.2662742085372897
168 0.26984122188676746
169 0.2647227619874254
170 0.26346021791136043
171 0.2697640417574742
172 0.27177133835241346
173 0.26443115254705735
174 0.27247987555785685
175 0.2746903610373129
176 0.27015289741330056
177 0.2693416450796603
178 0.2714039190544769
179 0.2748770516860953
180 0.2764886882422628
181 0.26413655940398706
182 0.27483220295727523
183 0.2714221413814841
184 0.27560458762282364
185 0.2679268899468661
186 0.2790225580250765
187 0.2752324793960667
188 0.27376984739509114
189 0.27406192062301504
190 0.2751502127476508
191 0.28092167540833823
192 0.2760731943104874
193 0.27383784121879606
194 0.28306086584242945
195 0.27877952430929237
196 0.27867660552244833
197 0.28404654836587484
198 0.28187795825885764
199 0.27781227572351186
200 0.28115440222690163
201 0.2823381916392847
202 0.2864434103902824
203 0.2844389196417321
204 0.28356304706768387
205 0.2863891416167355
206 0.29198716765666605
207 0.28467291705351255
208 0.28287996444859004
209 0.2858820598976947
210 0.2836335926026163
211 0.2837159597709147
212 0.28153218343654535
213 0.28572165281781603
214 0.2870889205660146
215 0.2901606575461534
216 0.28858642011040975
217 0.29070068226987367
218 0.28909579243023426
219 0.2921411847249358
220 0.2957135314887147
221 0.2883482829616069
222 0.2857163368430363
223 0.29091651522546047
224 0.2904620347289401
225 0.2924014030351357
226 0.2954178840819003
227 0.29925052006544206
228 0.2964786721932877
229 0.2991052147556958
230 0.29648823506377703
231 0.29358308401046307
232 0.30184447160228983
233 0.3013421474587569
234 0.2985559717271989
235 0.3007804618122922
236 0.2994484384049798
237 0.2964184783658704
238 0.29806230260074373
239 0.2964742723331767
240 0.3007405722177561
241 0.3005988348826406
242 0.30200158597414234
243 0.3019336416691652
244 0.3102823371484854
245 0.29782241050270225
246 0.3021904299902216
247 0.303231273272945
248 0.30570167788495506
249 0.3054735778895358
250 0.3125208235645848
251 0.3054186379161172
252 0.3037719051766336
253 0.30353859152957663
254 0.30495822339036865
255 0.3074038037969633
256 0.31114332648332604
257 0.31002156986932616
258 0.31073927993868017
259 0.3128057969373262
260 0.3089043295765374
261 0.31638558107310977
262 0.30736511413231893
263 0.3158789720811713
264 0.31615170121619973
265 0.3184976092732909
266 0.31494736498863496
267 0.32020120889788206
268 0.3172351095704104
269 0.3181668458364737
270 0.31594821034558696
271 0.31835534344884275
272 0.3218457105933122
273 0.32219925364389823
274 0.3177772177849577
275 0.32305719311963726
276 0.3207138520143578
277 0.3219315652528832
278 0.3260226261747627
279 0.31749620151041874
280 0.3230856858250381
281 0.32367406900644635
282 0.32510584402009407
283 0.32763356203810523
284 0.3250333904347632
285 0.32779696143680814
286 0.32892455708387947
287 0.3303450364131046
288 0.32535603115362155
289 0.32713267450667843
290 0.3287312083969767
291 0.32986254725828584
292 0.32936146378551384
293 0.3326725125132691
294 0.3324775950623857
295 0.32983074794472
296 0.33776505846961324
297 0.33474830121353355
298 0.331837964300333
299 0.33406539420484266
300 0.333266498901903
301 0.331158514980933
302 0.33600350930754347
303 0.33625581246281216
304 0.340279745975995
305 0.34179227536835005
306 0.3398448432880846
307 0.34113356886465024
308 0.3409626360650676
309 0.33423448345789747
310 0.33916514771538403
311 0.3410102312176981
312 0.339682911961127
313 0.3390594109578929
314 0.34448119218111956
315 0.3420841178900451
316 0.3425013751292287
317 0.34518995115758294
318 0.34509395792793357
319 0.3453642232672815
320 0.34611183770233406
321 0.3426938017271392
322 0.34915435295480696
323 0.3535844616958916
324 0.34869412590624477
325 0.35097492244559797
326 0.34838804333251283
327 0.35116502293569474
328 0.35315097935590517
329 0.3526908379917659
330 0.34733365275395117
331 0.3486789663363349
332 0.34646908838996276
333 0.3495568106622181
334 0.35278736750202644
335 0.3549502606835822
336 0.3540809103339792
337 0.3538617908537208
338 0.3610208111709332
339 0.35983773524210305
340 0.35797980215211794
341 0.3544921515684043
342 0.35446251032220727
343 0.3581390104446256
344 0.3631135168662124
345 0.3617913053339473
346 0.35809154070867566
347 0.3625626019277819
348 0.35801875054838783
349 0.3655708497730358
350 0.3615697220128422
351 0.3575740547678317
352 0.3614011350152497
353 0.3605595512821874
354 0.36604721389471395
355 0.3612794858497616
356 0.36416864707862506
357 0.36393834610150805
358 0.3674834819706055
359 0.36644702547107405
360 0.3664285172144064
361 0.37103379722928265
362 0.3650711424585557
363 0.368605696070035
364 0.36918972518534965
365 0.3709102594762774
366 0.36801465658299776
367 0.37369459594321636
368 0.3702937944313791
369 0.3730318233790374
370 0.37862911897835955
371 0.3720675542642518
372 0.36955968812983997
373 0.37245545021988313
374 0.37763830883928196
375 0.3773270403414674
376 0.3733997257810075
377 0.37947956535734584
378 0.37571225990458046
379 0.37356938415256785
380 0.37996566972218276
381 0.3789995786495614
382 0.3746854607244228
383 0.3768910587909425
384 0.3789859477387485
385 0.37880050630945516
386 0.3801714327733833
387 0.3783275436224985
388 0.3798907559360367
389 0.3836298919555139
390 0.3806329684822474
391 0.3822749410449063
392 0.38155284380653565
393 0.3816782429819224
394 0.38485958843390583
395 0.3813600967730799
396 0.38381127371945867
397 0.3868394491767113
398 0.38737408447224847
399 0.38645230158477384
400 0.38436236041312044
401 0.3857195286950758
402 0.38539485001363194
403 0.3898518348954414
404 0.389816780133317
405 0.3906558721223871
406 0.38871555488623116
407 0.3899326713873712
408 0.39548788860161366
409 0.38815400569352293
410 0.39457123034888253
411 0.3948541720805031
412 0.39112043499003
413 0.39328295413544323
414 0.39026093409993895
415 0.39267363301911434
416 0.39236874283350875
417 0.3950201124084765
418 0.39976172775152397
419 0.39765569705326764
420 0.3959104383898532
421 0.3955657834309486
422 0.39977357959438636
423 0.39729182643301036
424 0.39792063984292614
425 0.39898448914591544
426 0.4010041091198163
427 0.4016216392739002
428 0.40078410353270216
429 0.4016803200877178
430 0.4051408785715328
431 0.4030200825547252
432 0.4038511210957182
433 0.4036245989692759
434 0.39946754048446087
435 0.4007500920261096
436 0.4043539597083658
437 0.4040971280080613
438 0.4043692872901303
439 0.40472950964767884
440 0.40576744385276425
441 0.4119882088172902
442 0.40646976963869363
443 0.40822855374420447
444 0.40982428988896646
445 0.4094424938089785
446 0.4104756824787109
447 0.4105604225781983
448 0.4105656764505349
449 0.40414237175800444
450 0.4133020268084096
451 0.41423726658271787
452 0.4106744692436561
453 0.4114002138100416
454 0.4099052673271932
455 0.4131774388781971
456 0.41273675433801804
457 0.41642996787711895
458 0.41750312181858573
459 0.4130707364718025
460 0.41586795591730624
461 0.4180566166351132
462 0.41301892490343395
463 0.4185388030738096
464 0.4178442958562
465 0.4185168293193247
466 0.4229149183038387
467 0.42343797803195177
468 0.4195266942661228
469 0.42060596854066545
470 0.4207795459737562
471 0.422986559174877
472 0.4168571071817482
473 0.42443545647370207
474 0.4221386308205433
475 0.423113824106054
476 0.42260560344132053
477 0.425591012401378
478 0.4242730178953398
479 0.4273970152784192
480 0.4221444589022609
481 0.42703766773846774
482 0.4302688162128424
483 0.42709086503920873
484 0.42728072416761986
485 0.4285000793273348
486 0.42713950541369583
487 0.4250732543854365
488 0.4277597281698514
489 0.43197621632950395
490 0.4294120118238658
491 0.43261466787379993
492 0.42757457662639725
493 0.4305112450134466
494 0.4339709423159149
495 0.43590771276796464
496 0.4345560177359519
497 0.43103392942922225
498 0.43429430428804056
499 0.43411863308876997

501 0.4357674171724678
502 0.4343258878136769
503 0.4339248623986463
504 0.4356153189569077
505 0.4375637603063161
506 0.43813126507716627
507 0.43902176459831616
508 0.43999639435430166
509 0.4364308775738043
510 0.4381948881364546
511 0.43762493986519885
512 0.44025898750303866
513 0.4407096459111184
514 0.4411220834522592
515 0.4401893510264926
516 0.44005296378766573
517 0.4444684278212794
518 0.4404296452900609
519 0.4414449727294227
520 0.4425751559049227
521 0.4419860640838204
522 0.44431963001354907
523 0.4418481349955363
524 0.4454544111768646
525 0.44654812528010357
526 0.44685066759524494
527 0.44665907288045953
528 0.44532086941082033
529 0.4459596748803938
530 0.44663829073225086
531 0.4472558260173767
532 0.44860902741710174
533 0.448764966115211
534 0.4500695718870055
535 0.44776364019707854
536 0.44827568393526346
537 0.45031417846434707
538 0.4489074403611502
539 0.4513000290822323
540 0.45082739389881815
541 0.4534636758161063
542 0.45368722977703224
543 0.4505303076794628
544 0.45441142597851186
545 0.45158111962059166
546 0.4544086547400051
547 0.45480577667257205
548 0.4530731417854586
549 0.45262810314309254
550 0.4539069762662073
551 0.4544714613276453
552 0.4567761398040091
553 0.45719233775377954
554 0.4561800906943078
555 0.45554368870614953
556 0.4551268931280763
557 0.4589039306250779
558 0.45803280580995936
559 0.45660021199625045
560 0.46072148724705103
561 0.46007679447069927
562 0.46068538970341244
563 0.46078682755698763
564 0.4582929931916107
565 0.4611190327070331
566 0.46236511950370546
567 0.4610233272995862
568 0.4643318103574627
569 0.4601174785345246
570 0.4640014868218259
571 0.46245922326629957
572 0.4619788747765825
573 0.46003446919322016
574 0.46324592436707257
575 0.46671042423092773
576 0.46493574763358275
577 0.46527523507243457
578 0.4665627065487361
579 0.46770902239934403
580 0.46571233726978345
581 0.4659157634621209
582 0.4662660964880454
583 0.46984809472307854
584 0.46901064670515635
585 0.46821834762788717
586 0.4702365353188946
587 0.47055135935433806
588 0.4724317959879407
589 0.47013640919447286
590 0.468543893814265
591 0.4689193741726591
592 0.4716199549084258
593 0.4714739664337431
594 0.47339963072814567
595 0.47160134218352506
596 0.47442928721580274
597 0.4723677088218725
598 0.4721448632318122
599 0.47323456894594407
600 0.4731133787300141
601 0.47586151808774524
602 0.47508765050698204
603 0.4767884356322322
604 0.4707509961449291
605 0.47428212408448067
606 0.47629007491540554
607 0.4768526542337222
608 0.47556829818659996
609 0.4766549546013148
610 0.47719702586280743
611 0.4799942396751686
612 0.47739986623489733
613 0.4765838551727697
614 0.47883688292383864
615 0.4798119730894137
616 0.4792619988800225
617 0.48096106955797086
618 0.4819811655257104
619 0.47961182266166735
620 0.4813167097263411
621 0.484974979185924
622 0.47976859289266743
623 0.47863606516691315
624 0.48101517629710455
625 0.4796830288956195
626 0.48471260120278775
627 0.48359833528769797
628 0.481306476638427
629 0.48309576356142475
630 0.48417514242135457
631 0.48292546899362937
632 0.485987210779415
633 0.4868627679440613
634 0.48232616739711576
635 0.48753902992593273
636 0.4880539286688457
637 0.48740476871860544
638 0.48908189839720123
639 0.48884663619493146
640 0.48801122819638004
641 0.4872158037522564
642 0.4868813054783062
643 0.48473698825909345
644 0.48998287068325586
645 0.492682041605198
646 0.49061405581477685
647 0.4905198120390991
648 0.49167492074439456
649 0.49133941864086317
650 0.4886536299328234
651 0.48925433641807103
652 0.49181833634656047
653 0.49057780909578896
654 0.4918054803759463
655 0.4912177680580766
656 0.4915908753271101
657 0.4939826993780151
658 0.4917253723380794
659 0.4966599566376359
660 0.49313463110255534
661 0.4938457748336389
662 0.49547539759804765
663 0.4933611760735178
664 0.4949009385545796
665 0.49479723735600883
666 0.49547411433412
667 0.4987558479253183
668 0.4949588319836273
669 0.4976033588167821
670 0.4998570467627756
671 0.498596928422945
672 0.49995816488718586
673 0.4980500375837681
674 0.4969823824381146
675 0.49914724381622766
676 0.5021208290690653
677 0.5006087573676855
678 0.4999981016737836
679 0.5012588713075616
680 0.5008008525382642
681 0.5006369040686329
682 0.5025038224687238
683 0.5018248556641504
684 0.5001382163919854
685 0.5037001542132028
686 0.5031587822807444
687 0.5019062024809456
688 0.5028247344650296
689 0.503214445953718
690 0.5048780143200515
691 0.5047102216450048
692 0.5035238185910539
693 0.5056894069855485
694 0.5048613141389621
695 0.5027742687586471
696 0.5022207267092225
697 0.5044411343740298
698 0.5058191237615011
699 0.5036627843126666
700 0.5049403605755057
701 0.5070014024699437
702 0.5080659417060653
703 0.5071210323179471
704 0.5076064208912726
705 0.5079047693899196
706 0.5067405984107952
707 0.5074184809211283
708 0.5072094500952681
709 0.5091976003711641
710 0.5098034434241762
711 0.5092987964731298
712 0.5116276140021491
713 0.5106051756038422
714 0.5107175912279428
715 0.5108035122135632
716 0.5104385483395137
717 0.5109639146091783
718 0.5128192629099159
719 0.511228176898645
720 0.5136358667690578
721 0.5120616855781329
722 0.5144462704954023
723 0.5127948072558548
724 0.5146474518779117
725 0.5153260799559319
726 0.5142067335137477
727 0.5155509578971806
728 0.5156353875059342
729 0.5159674257499022
730 0.5131983355210304
731 0.5167417855842527
732 0.5154001153251919
733 0.5151619278454466
734 0.5146862491722883
735 0.5168297168864014
736 0.516897431292133
737 0.5167631383309714
738 0.5179268257062881
739 0.5185999939854536
740 0.5180958402931739
741 0.5188648768225814
742 0.5193523318776545
743 0.5186380478759335
744 0.5187920152806804
745 0.5179436644636412
746 0.5185000144203558
747 0.5206785340784931
748 0.5221145214434688
749 0.5188863277336749
750 0.5198116251653946
751 0.5201139044767457
752 0.5210137872881859
753 0.5230461645919902
754 0.5215413147666
755 0.5230332217959126
756 0.5216900024544732
757 0.522883127970321
758 0.5247859688578953
759 0.5238901721495074
760 0.523236547332009
761 0.5239465228455739
762 0.5254744892619946
763 0.5242436394177924
764 0.5223171557119721
765 0.5236779366495407
766 0.5235577060965799
767 0.5248026545761315
768 0.5240037440022586
769 0.5250088554483822
770 0.5250872338779142
771 0.5279448524558363
772 0.5250961276119919
773 0.5276811276147678
774 0.5249583164090024
775 0.5275467375103853
776 0.5242305775325198
777 0.5286046169383157
778 0.5297509742196509
779 0.5287266199327586
780 0.5296683184751522
781 0.5288079708784998
782 0.5315786922724661
783 0.5294389691971082
784 0.5286808400610594
785 0.5295315956540536
786 0.5317477974638821
787 0.5294211495037168
788 0.5314872879882739
789 0.5291823458495586
790 0.5315240141164849
791 0.5316619808575727
792 0.5324272630342576
793 0.5322734391761701
794 0.5335702871812786
795 0.532515912226383
796 0.533325602326993
797 0.534199795615844
798 0.5327682372180237
799 0.5316452260465034
800 0.5322380800693337
801 0.5349695407066012
802 0.53608148896879
803 0.5333870647402642
804 0.533595429612813
805 0.5338736243578448
806 0.5354633882232194
807 0.5369891893218562
808 0.5367790141582754
809 0.5363516985664922
810 0.5342167254247696
811 0.5356534844117079
812 0.5355745983333263
813 0.5359244707122942
814 0.5379230657230166
815 0.5366145326734673
816 0.5388834886185369
817 0.5383815241919452
818 0.536445118595955
819 0.5399389006982057
820 0.5388204645174666
821 0.5384698154086014
822 0.5387669988421521
823 0.5382811453802557
824 0.5378739167397266
825 0.53860050263217
826 0.5419382556278923
827 0.5389852586391928
828 0.5392451123112765
829 0.5411483651979557
830 0.5411415475839103
831 0.5407721942628955
832 0.5405400280656578
833 0.5412804021212989
834 0.5409160002658683
835 0.5398983523366636
836 0.5413198311928942
837 0.5409592370161165
838 0.5420340203079834
839 0.542607874659611
840 0.5431197605531395
841 0.5431168589595015
842 0.5438740768088408
843 0.5444340534390905
844 0.54394172806019
845 0.5446685426015713
846 0.546250267940497
847 0.5450144015773558
848 0.5470203734732013
849 0.5464776897821
850 0.5441765152051907
851 0.5459428986591665
852 0.5441726469691031
853 0.5474006876407662
854 0.5483574291715007
855 0.5464786265715136
856 0.5442635320486519
857 0.5472745626207846
858 0.5462487694856274
859 0.5459522943871149
860 0.545529105453904
861 0.5463429343022086
862 0.5474482372314767
863 0.5483311765464576
864 0.5502198710161358
865 0.5480396972768076
866 0.548745296947573
867 0.5485162130115434
868 0.5499876660222452
869 0.5494172052367942
870 0.5516953026912754
871 0.5508323788046459
872 0.551593424414677
873 0.5499394286730379
874 0.5502325056897663
875 0.5484589699860778
876 0.55170091364911
877 0.5508869555139294
878 0.5514644796817041
879 0.5500453696302355
880 0.5521389410164903
881 0.551588451818717
882 0.5517060783218681
883 0.5526014304277248
884 0.5528242678725892
885 0.5548271174405579
886 0.5542596293707805
887 0.5531325576322513
888 0.554770131249529
889 0.5535145209397313
890 0.5555148693277915
891 0.5522443830679922
892 0.5558382915736865
893 0.5521143712086398
894 0.5550235198461282
895 0.5541565258539177
896 0.5556727848455969
897 0.5545810700931578
898 0.5544368003136748
899 0.5574238163909637
900 0.5555163863662766
901 0.5598782288085031
902 0.5552938944042373
903 0.5553085067948368
904 0.5550684967078053
905 0.5565029855336469
906 0.5571451458611114
907 0.556246564100842
908 0.5579137614709936
909 0.5553253561212863
910 0.5567711468525582
911 0.5576159139659183
912 0.5589692140547338
913 0.5588872971972866
914 0.5590892995782087
915 0.5582200691566412
916 0.5579230226181832
917 0.5598028199297254
918 0.5600506299494363
919 0.5584021855365597
920 0.5606037404611213
921 0.5603738433333678
922 0.559122213489062
923 0.5609171791319137
924 0.5593419320935029
925 0.5618655897368334
926 0.5607471598809344
927 0.5636068236520617
928 0.5611520100200105
929 0.5634237072150582
930 0.5627262050030739
931 0.562951416490783
932 0.5617817046199003
933 0.5640693964756234
934 0.5643838344358816
935 0.5620748655114883
936 0.5631758561497675
937 0.5626012417117368
938 0.5622387932203031
939 0.5633927310034118
940 0.5646249133567215
941 0.5636226745109878
942 0.5659539065878344
943 0.5643532117118158
944 0.565877698036037
945 0.565266564476003
946 0.5668253794464597
947 0.5665999123717557
948 0.5650804344432098
949 0.565701960779866
950 0.5666520705760678
951 0.5659746305018898
952 0.5649729993160402
953 0.5680602903672834
954 0.5680624371953582
955 0.5668750503340978
956 0.5665391440556306
957 0.5674762381409267
958 0.5678195615504308
959 0.566832730229329
960 0.5695782621072979
961 0.5668104927596226
962 0.5682923969336434
963 0.5704002166842239
964 0.5692308283657354
965 0.568455648095226
966 0.5682012825495087
967 0.5714349247065971
968 0.5700220407626143
969 0.569758100004187
970 0.5670128046436486
971 0.5697272006891524
972 0.5705560633688976
973 0.5711909061660542
974 0.5699413624295734
975 0.570283174513409
976 0.5708114844540898
977 0.5699537498099803
978 0.5730151836019673
979 0.5705257755254851
980 0.5720155558710132
981 0.5729393122255457
982 0.572079816720993
983 0.5727779908802748
984 0.5737506669095064
985 0.5740880920632057
986 0.5727984615881633
987 0.5753282698340018
988 0.5744490091192319
989 0.5739777610186478
990 0.5741103884417053
991 0.5741739286736787
992 0.5740197556247574
993 0.572421006210327
994 0.5749418204319001
995 0.5741345545080065
996 0.5761307773862506
997 0.5746730435567988
998 0.574961265478237
999 0.5761662365684876
1000 0.575677376726775
1001 0.5769945555283534
1002 0.5755452461637824
1003 0.5761685240073504
1004 0.5764457810384545
1005 0.57815543441765
1006 0.5771818329514915
1007 0.5778830457022575
1008 0.5779442685247788
1009 0.5766244547802779
1010 0.5782519676438754
1011 0.5785412912285083
1012 0.5780941740943215
1013 0.5781028567437373
1014 0.5785675197822749
1015 0.5769503515656481
1016 0.5790039508498054
1017 0.5774974247195461
1018 0.5783938511930244
1019 0.5793636790251703
1020 0.5802493950839364
1021 0.5760487375067079
1022 0.5798155233112505
1023 0.5796245228263753
1024 0.5803667652122737
1025 0.580647177937262
1026 0.5814102354237245
1027 0.579575458607854
1028 0.5808779237577777
1029 0.5815070471571478
1030 0.5806759463246995
1031 0.5803381484970895
1032 0.5826467380066035
1033 0.5813589429877225
1034 0.5817141392772595
1035 0.5814763676155418
1036 0.581655674886823
1037 0.5817364834002716
1038 0.5827704962043451
1039 0.5820618232753514
1040 0.5821570426552773
1041 0.5840253737413298
1042 0.5829696059409223
1043 0.5819162555156744
1044 0.5812904756891296
1045 0.58270669560844
1046 0.5839569792569487
1047 0.5822252160395829
1048 0.5846512186298746
1049 0.5841752505264227
1050 0.5847271876504841
1051 0.5841601752597547
1052 0.5838417226339204
1053 0.5841813585095946
1054 0.585519496906101
1055 0.5840932905645051
1056 0.5849945633413215
1057 0.5857243634553249
1058 0.5842438805573084
1059 0.5861514505105925
1060 0.5879151611528586
1061 0.5856878188965903
1062 0.5847687824806266
1063 0.585901694423623
1064 0.5874790096354162
1065 0.587498008348968
1066 0.5863608174844709
1067 0.5882842851890918
1068 0.5869157921844562
1069 0.5855391380105213
1070 0.5870091560794952
1071 0.5886522871658966
1072 0.5876347766150056
1073 0.5867826267800768
1074 0.5875282457751292
1075 0.5882447050252605
1076 0.5901561387972106
1077 0.5884649857792984
1078 0.5872968472278753
1079 0.5888718698402675
1080 0.5891956970423611
1081 0.5889713057047852
1082 0.5891781016969346
1083 0.5891282538184893
1084 0.5893123084926107
1085 0.5898087023414722
1086 0.5901491547849578
1087 0.5898161116340821
1088 0.59006962469752
1089 0.5904149373147063
1090 0.5891065397637278
1091 0.5919365795816881
1092 0.5907692479141109
1093 0.5928876014595178
1094 0.5927608638775433
1095 0.5914466199371391
1096 0.5922463654790697
1097 0.5925860902959068
1098 0.592060129337314
1099 0.5925355408777324
1100 0.5917255105997482
1100 0.592116156873281
1101 0.592302742948545
1102 0.5918918748611423
1103 0.5921710117860928
1104 0.5919512108645197
1105 0.5931315324934309
1106 0.5932646889632288
1107 0.5931017308595675
1108 0.5938544751788304
1109 0.5942590202334214
1110 0.593882398792518
1111 0.5925066721906378
1112 0.5940844913033034
1113 0.5955483727493417
1114 0.5947350017216669
1115 0.5941010038452678
1116 0.5935573894863685
1117 0.5948459697012864
1118 0.5933107457318304
1119 0.5953961746678271
1120 0.5959320995107912
1121 0.5957919799062318
1122 0.5950360719066643
1123 0.5946031349718108
1124 0.5964220493838305
1125 0.5980575023477153
1126 0.5957279934153077
1127 0.5941004911023707
1128 0.5956413801004605
1129 0.5972263754360032
1130 0.5960710572315678
1131 0.5950596338771293
1132 0.5962222178402483
1133 0.5982338643902577
1134 0.5972051105493479
1135 0.5970188570515974
1136 0.5965438015407758
1137 0.5984722839194057
1138 0.5965779778971211
1139 0.5993534743482666
1140 0.5983592437344792
1141 0.5996495930618496
1142 0.5980637313315592
1143 0.6000829245222231
1144 0.597924890100906
1145 0.5992761007368129
1146 0.6001288351215124
1147 0.598418836882646
1148 0.5997261749749557
1149 0.5993532221708499
1150 0.6000195888793539
1151 0.600773020066676
1152 0.5989637991968366
1153 0.600154796626629
1154 0.5987863520648771
1155 0.6010685186764978
1156 0.5992518935142152
1157 0.6006469854441706
1158 0.600147060355167
1159 0.6018670973396654
1160 0.5992474003621725
1161 0.6005691709036748
1162 0.6014262904642493
1163 0.6012480252591786
1164 0.600270413621047
1165 0.6015738309960017
1166 0.6030541645993103
1167 0.6023121729656749
1168 0.6028377327117079
1169 0.6017435971431256
1170 0.602073407058765
1171 0.602804764747184
1172 0.6028408973033468
1173 0.602378127234102
1174 0.6025500249996895
1175 0.6029147894004367
1176 0.6025070562895368
1177 0.6024272965864315
1178 0.6032904152480122
1179 0.604304177684804
1180 0.6041916879731374
1181 0.6028280400006754
1182 0.6052899098007132
1183 0.6025411520415975
1184 0.6040372006776751
1185 0.6048189152953953
1186 0.6038250473253669
1187 0.6050812880122765
1188 0.6052826823244956
1189 0.6046796192589784
1190 0.6038118305103758
1191 0.6054526649600076
1192 0.6046832813862123
1193 0.6056855188866691
1194 0.6058752346116397
1195 0.6055311548650728
1196 0.6055825824985595
1197 0.6054874596254777
1198 0.6054867357522101
1199 0.6059965675168971
1200 0.6066963342117632
1200 0.6056580737787886
1201 0.6059784186308746
1202 0.6063471128347045
1203 0.6076777945271276
1204 0.6077507829674985
1205 0.6092416577594695
1206 0.6069162128774158
1207 0.607997276332261
1208 0.6067401543970128
1209 0.6071232585921541
1210 0.6081228852523328
1211 0.6067575486587369
1212 0.607831671346797
1213 0.6087375469924509
1214 0.6069788661827333
1215 0.6092984371487183
1216 0.6086849576978005
1217 0.6070333747621556
1218 0.6075623932612104
1219 0.6085798646110758
1220 0.6102169065793939
1221 0.6079637486283539
1222 0.6090137214420226
1223 0.6096856534709066
1224 0.6089720150203026
1225 0.610035514938916
1226 0.6112316897860929
1227 0.6099567760604806
1228 0.6103896739998236
1229 0.608995981067138
1230 0.6103534393021782
1231 0.6111523232810293
1232 0.6094703375229289
1233 0.6113714815544946
1234 0.6119110286599666
1235 0.611637038677393
1236 0.6113845505882837
1237 0.6118450176997875
1238 0.6096112433673269
1239 0.6110113352801366
1240 0.6114212960468441
1241 0.6104952423186191
1242 0.6124355650258689
1243 0.6102922909460574
1244 0.6116057273986362
1245 0.6119228036142283
1246 0.6121382310944892
1247 0.6100752904526362
1248 0.6119357434753779
1249 0.6121954910013099
1250 0.6121034675619635
1251 0.6129086136641363
1252 0.6141722016520879
1253 0.6137806699004154
1254 0.6123732158151179
1255 0.6117560889789088
1256 0.6127305382821815
1257 0.6141958700805639
1258 0.6129702940410715
1259 0.6139171033770568
1260 0.6130356351107434
1261 0.6137398553412642
1262 0.6130985217209813
1263 0.613198728377906
1264 0.6154054730782282
1265 0.6136584406657073
1266 0.6152718430440819
1267 0.6144624898542361
1268 0.6152877928934315
1269 0.6152146810033657
1270 0.6157763111992358
1271 0.6154956990012777
1272 0.6153509209421213
1273 0.6166191592936857
1274 0.6146463405353627
1275 0.6152896189615887
1276 0.6135392184470952
1277 0.6161659998510816
1278 0.6173723231231126
1279 0.6158044975334774
1280 0.6155617767295379
1281 0.6175436362408117
1282 0.6168981560419072
1283 0.618027317595258
1284 0.6147911076818221
1285 0.6161246246942408
1286 0.6157158111832262
1287 0.6157381322106534
1288 0.6161673894167335
1289 0.6176638237919161
1290 0.6169020103659445
1291 0.6174091316424137
1292 0.6192076227288076
1293 0.6172666558086666
1294 0.6184640700534079
1295 0.6161994856680804
1296 0.6170141396122761
1297 0.6170075452503021
1298 0.6183204438778792
1299 0.6178536122260262
1300 0.6189606061880267
1300 0.6188831041881387
1301 0.6181375996383874
1302 0.6183897508727779
1303 0.6183344333902058
1304 0.6182776494099798
1305 0.6182921660356151
1306 0.6193264224877959
1307 0.6190331116139934
1308 0.6211446369785697
1309 0.6194106408530877
1310 0.6202070087580435
1311 0.6172515578041952
1312 0.6197694579336014
1313 0.6196135239214341
1314 0.6188470904357346
1315 0.6208172922948118
1316 0.6196415543031074
1317 0.6211644071138473
1318 0.618736639874876
1319 0.6200459650331902
1320 0.6204539944836301
1321 0.6203623624055105
1322 0.6202896126264092
1323 0.6215944868908347
1324 0.619332773010503
1325 0.6205800255281021
1326 0.6215190754779357
1327 0.6212653636374049
1328 0.6206550263459554
1329 0.6210369024976607
1330 0.621497089900566
1331 0.6213258863862899
1332 0.6216597233584902
1333 0.6216620393939452
1334 0.6223492963975459
1335 0.6225279340652384
1336 0.6221128590907922
1337 0.6221133484373942
1338 0.6224228122210315
1339 0.6221056082671946
1340 0.6217570056230493
1341 0.6226055319853055
1342 0.6229087310719952
1343 0.6237015377155012
1344 0.6231929738055245
1345 0.6223632187657961
1346 0.6233550930554193
1347 0.6245207980033864
1348 0.6220634590634465
1349 0.623663825275624
1350 0.6212699580123534
1351 0.6226214001373366
1352 0.6233766592417963
1353 0.6225133370797131
1354 0.6241348352726404
1355 0.6242431947217376
1356 0.6250813098984324
1357 0.6225134442472302
1358 0.6257958723386826
1359 0.625104581660396
1360 0.6257661596599623
1361 0.6235292310710874
1362 0.6257763904248336
1363 0.62382637379094
1364 0.6249557381986042
1365 0.6256574083216213
1366 0.624553557467574
1367 0.6254578273905562
1368 0.6251687352213299
1369 0.6246015433492705
1370 0.6248245472195214
1371 0.6250331717988105
1372 0.6258185985204848
1373 0.625258629456413
1374 0.6258909833509573
1375 0.6258006726997154
1376 0.6259144664380141
1377 0.6263230911938907
1378 0.6263546702768575
1379 0.6268829259910411
1380 0.6262258536690951
1381 0.6261489506074687
1382 0.6268368278454989
1383 0.6265328739944592
1384 0.6265702082067095
1385 0.6267906185670132
1386 0.6276170043119884
1387 0.6261279738827175
1388 0.6281730876957357
1389 0.6274046640230588
1390 0.6275454863337169
1391 0.6261499126514187
1392 0.6270545535009614
1393 0.6287496084070167
1394 0.627038816421564
1395 0.6281100693366071
1396 0.626771356445556
1397 0.6287952930991111
1398 0.6286857765864683
1399 0.6277758340175696
1400 0.6281920501843643
1400 0.6283736516804423
1401 0.6267468324613097
1402 0.6289282175297267
1403 0.6275951821744304
1404 0.6281409181292884
1405 0.6291525842428809
1406 0.6277486344556206
1407 0.628991343655
1408 0.6286424699672211
1409 0.6289360162043272
1410 0.6280194429838809
1411 0.6295679516784407
1412 0.6294084899448622
1413 0.6288893961554702
1414 0.6296111323004588
1415 0.6295154351514445
1416 0.6290189476771645
1417 0.6278800816371493
1418 0.6292039436315415
1419 0.629349144888888
1420 0.6298463493422051
1421 0.6287387828097997
1422 0.6287643893800657
1423 0.6303057466167629
1424 0.6302413109822721
1425 0.6306543668808914
1426 0.6311758953430667
1427 0.6303374366732477
1428 0.6301354289720563
1429 0.6311295206919182
1430 0.6316004402840422
1431 0.6317774935082457
1432 0.6307729433854999
1433 0.6316257776743157
1434 0.6312454097291073
1435 0.6326798597413369
1436 0.6320642320373355
1437 0.6318095039740459
1438 0.6317769508699365
1439 0.6324068433027508
1440 0.6315774372511904
1441 0.6316127760814005
1442 0.6313631120558428
1443 0.6329548064826606
1444 0.6325172001215839
1445 0.6321646707645933
1446 0.6316728402147804
1447 0.6303532829289491
1448 0.6323270644076471
1449 0.6323800310142641
1450 0.6327699880897882
1451 0.6333083735233184
1452 0.6326453040238459
1453 0.6328337578305068
1454 0.6328679750031806
1455 0.633927399041878
1456 0.6330878040478051
1457 0.6326840275197311
1458 0.6321129822996154
1459 0.6339721681027307
1460 0.6337504788174851
1461 0.6338079894100218
1462 0.6341837743480685
1463 0.6324721231784441
1464 0.6332894645385709
1465 0.6339915251825775
1466 0.634223113535402
1467 0.6342335533806939
1468 0.6348060648748578
1469 0.634661050372979
1470 0.6331384621066931
1471 0.6341457370184864
1472 0.63512841230967
1473 0.6355426801075634
1474 0.6353474502848079
1475 0.6339921954979886
1476 0.635300601830156
1477 0.6328699989561846
1478 0.6354676426363969
1479 0.6348517847214626
1480 0.6349143094462862
1481 0.635399082435937
1482 0.6350494712931134
1483 0.6348784668255162
1484 0.6356577125611582
1485 0.6357983628172247
1486 0.6359201195742163
1487 0.6353302841931514
1488 0.6356388507194555
1489 0.6359621541938824
1490 0.6361577396029987
1491 0.6354989749411859
1492 0.6370101227241818
1493 0.635491806740679
1494 0.6366222507155319
1495 0.6360201311666225
1496 0.6359469572384107
1497 0.6361305232039345
1498 0.6367807800720036
1499 0.6362054803839099
1500 0.6364212776257242
1500 0.6374476496280348
1501 0.6371670530534669
1502 0.6368206025160901
1503 0.636927213581493
1504 0.6375240345057331
1505 0.6376332496998909
1506 0.637133597630387
1507 0.6377886710220745
1508 0.6384211427121752
1509 0.6375419161206356
1510 0.6371277850990448
1511 0.6367125748232259
1512 0.6379632727499616
1513 0.6367021904692932
1514 0.6385378607610891
1515 0.6380087226537865
1516 0.6383603091717236
1517 0.6382573547071823
1518 0.6392497276464877
1519 0.6376820888033214
1520 0.6393118809571877
1521 0.6381480392088716
1522 0.6389834143901897
1523 0.6391304335222421
1524 0.6383726013137196
1525 0.639153625627845
1526 0.6391239011360581
1527 0.6386357233872553
1528 0.6393881097504411
1529 0.6381698150895709
1530 0.6400873896837262
1531 0.6388121125678645
1532 0.6390447467577063
1533 0.639967773586172
1534 0.640205154326285
1535 0.6391623591346667
1536 0.6405160363424675
1537 0.6402348704632678
1538 0.6390972671296137
1539 0.6407741747278305
1540 0.6391663010055242
1541 0.6403866596300755
1542 0.6394544466906157
1543 0.6409601338135049
1544 0.6396834628480838
1545 0.640577323481816
1546 0.6415060945680088
1547 0.6403039406157496
1548 0.6404841277496334
1549 0.6418772296243894
1550 0.6398592026381045
1551 0.6403189521109169
1552 0.6406285486488056
1553 0.6408709368536853
1554 0.6411648452264767
1555 0.6418080206284467
1556 0.6417751578618552
1557 0.643074049650101
1558 0.6413295208822859
1559 0.6403981148551982
1560 0.6416780106400719
1561 0.6410090565254754
1562 0.6412893131915139
1563 0.6425118572358933
1564 0.6408705977364229
1565 0.6413957357942619
1566 0.6415329453123292
1567 0.6427717037959795
1568 0.6416381916524232
1569 0.6421448889047481
1570 0.6415543691671622
1571 0.6422679098870694
1572 0.641195596904733
1573 0.6430598329576259
1574 0.6424137970421108
1575 0.6416973379388826
1576 0.6434335526584992
1577 0.6435919257552091
1578 0.6432393580826474
1579 0.6429276376535572
1580 0.6429260731146039
1581 0.6440097716404547
1582 0.6420301732029047
1583 0.6439538124285729
1584 0.6424700924444334
1585 0.6434072599216696
1586 0.6435727980723872
1587 0.6433110228532332
1588 0.6436547662894236
1589 0.6422877494755642
1590 0.6444385484965389
1591 0.6436915526559418
1592 0.643518543188151
1593 0.6432485280447204
1594 0.6437256709763414
1595 0.6435090828335771
1596 0.6445378027296437
1597 0.6439094234227757
1598 0.6447331985548563
1599 0.6463205951308862
1600 0.6440689425001682
1601 0.6431487097409042
1602 0.6438447503431259
1603 0.6450413201610927
1604 0.6456994194611877
1605 0.6446738301386619
1606 0.6455411665678734
1607 0.6457793188593287
1608 0.6452892031918355
1609 0.6447104097269112
1610 0.6450912286492357
1611 0.6447653677074676
1612 0.6455343450781722
1613 0.6449354433632694
1614 0.6459672259042484
1615 0.6457381860283917
1616 0.6457083457848257
1617 0.6448399542953952
1618 0.6450278127627949
1619 0.6448041968749635
1620 0.6447970691487309
1621 0.6449561089338973
1622 0.6463359961647327
1623 0.6463056186761948
1624 0.6468718330163507
1625 0.6466621654621664
1626 0.6466055623903499
1627 0.6473117585270203
1628 0.6474611028383971
1629 0.6452821054393566
1630 0.6459570409206898
1631 0.646533946768061
1632 0.6465905251001265
1633 0.6461770833302428
1634 0.6460423371266543
1635 0.6468691422642103
1636 0.6474116392856978
1637 0.6470594732894195
1638 0.6474965432408799
1639 0.6460215821581023
1640 0.6476191362987089
1641 0.6467197035609351
1642 0.6474687538019642
1643 0.6479243912411834
1644 0.6480554695467411
1645 0.6467975918037547
1646 0.6474437342176688
1647 0.6472447170210239
1648 0.6466522004849983
1649 0.6482488985403322
1650 0.6476567873887132
1651 0.6470243489141423
1652 0.6484166815207293
1653 0.6472077026163994
1654 0.6477117261305758
1655 0.6488153679630725
1656 0.6480969115913827
1657 0.6485318624090199
1658 0.6475641987102189
1659 0.6468230338503548
1660 0.6481951566429757
1661 0.6483479807681047
1662 0.6486020819536931
1663 0.649051419579635
1664 0.648596215685414
1665 0.6485717595180928
1666 0.648149826854726
1667 0.6483908793842346
1668 0.649408752144755
1669 0.6499382087882332
1670 0.6482873209152941
1671 0.6492297266428319
1672 0.6496502007411064
1673 0.6493645381087327
1674 0.6483495537114302
1675 0.6483416777257489
1676 0.6487816605735287
1677 0.6488246160004877
1678 0.6497344668838361
1679 0.6492068963998259
1680 0.6497202153209698
1681 0.649620444509349
1682 0.6503062425282844
1683 0.6505142948514187
1684 0.6493002162043869
1685 0.650702962562472
1686 0.650500804815636
1687 0.6500182749020725
1688 0.6496522450438441
1689 0.6498140578425105
1690 0.6508569039277574
1691 0.6502979189030792
1692 0.6511824362734525
1693 0.6505297779768123
1694 0.651207226975607
1695 0.6511013801486973
1696 0.6495900558069608
1697 0.6506921003042476
1698 0.6504663636772772
1699 0.6510105787139642
1700 0.6513556978954921
1701 0.651552683980606
1702 0.6509228671642118
1703 0.6507268393326958
1704 0.6515216421152653
1705 0.6511732513549533
1706 0.6521165891300327
1707 0.6510402685138204
1708 0.6508196546904806
1709 0.6512935209739056
1710 0.651926351722097
1711 0.65152173717906
1712 0.6514646329497766
1713 0.6514688111514843
1714 0.651314141263774
1715 0.6500868532995194
1716 0.6522142506295185
1717 0.6522637177939713
1718 0.6506837320323967
1719 0.6519553942348489
1720 0.6529454384291419
1721 0.6524650265907372
1722 0.6523623813162401
1723 0.6526875150656491
1724 0.6519689860875375
1725 0.6518152567895511
1726 0.6529236783215432
1727 0.6518573078442621
1728 0.651761743487745
1729 0.6520113523901878
1730 0.6534567467217213
1731 0.6528546137656609
1732 0.6527835495456361
1733 0.6527620091819204
1734 0.6534769835122611
1735 0.6522077985537574
1736 0.6521555738539424
1737 0.6533728964528654
1738 0.6535280193166589
1739 0.654027854874498
1740 0.6528814631611357
1741 0.6529003311507361
1742 0.6529455967552843
1743 0.6525863586140999
1744 0.6541727756597063
1745 0.6526366725338824
1746 0.6538463476768761
1747 0.6538728701283965
1748 0.6541612889856343
1749 0.6545660479177771
1750 0.6539406049863423
1751 0.6542450770993247
1752 0.6539765193750988
1753 0.6535628833476693
1754 0.6539942413129523
1755 0.6533196670190521
1756 0.6524056794459733
1757 0.6542745247429615
1758 0.6539312216269406
1759 0.6546512632141577
1760 0.6551549263350515
1761 0.6542148947184436
1762 0.6552678747035366
1763 0.6549461099013363
1764 0.6537519117305438
1765 0.6539470355762694
1766 0.6553186146293505
1767 0.6561118662578708
1768 0.6549788428055467
1769 0.6531553883303628
1770 0.6558266514428623
1771 0.6554126268038368
1772 0.6554901702983198
1773 0.6555519784108977
1774 0.6538801501164082
1775 0.654698938837972
1776 0.653885199290618
1777 0.6548465709747883
1778 0.6550780899493834
1779 0.6553114645187388
1780 0.6544023640583588
1781 0.6548017685128219
1782 0.6544080773721314
1783 0.6561509103188053
1784 0.6546718871218563
1785 0.6559320622195152
1786 0.6562200508036946
1787 0.6560142536621418
1788 0.6562513917823383
1789 0.6556135036781313
1790 0.6543932426458849
1791 0.6566785457122332
1792 0.655642279504779
1793 0.6565220968829127
1794 0.6567901017129003
1795 0.6559136944567007
1796 0.6558829065289559
1797 0.6562390665279489
1798 0.6578202166331772
1799 0.6556143055700328
1800 0.6572192648148276
1801 0.6565183714707759
1802 0.6568150567001335
1803 0.6574658543176491
1804 0.6574561193091462
1805 0.6569493225793377
1806 0.6568779012679616
1807 0.6563622283498586
1808 0.6556214890239219
1809 0.6569586557491125
1810 0.657970358275305
1811 0.6565594268677737
1812 0.6570006146629268
1813 0.6575744141790444
1814 0.6568414065806839
1815 0.6578515524249872
1816 0.6570360471435711
1817 0.6563763821383805
1818 0.65711455356802
1819 0.6581338587401554
1820 0.6583691463838949
1821 0.6584349289397574
1822 0.6570007972583893
1823 0.656819359627121
1824 0.6564144496992204
1825 0.6565746222729557
1826 0.6577373755175825
1827 0.6568007720954705
1828 0.6579430542163609
1829 0.6577664631893517
1830 0.6586238754632385
1831 0.6574854316244276
1832 0.6572589742003218
1833 0.658832749274663
1834 0.6576536919113419
1835 0.6590495675130597
1836 0.6577347843544608
1837 0.6586261976351115
1838 0.6580206188450397
1839 0.6600304693734972
1840 0.6588837075661285
1841 0.6581738168198809
1842 0.6593752882279788
1843 0.6589488223026058
1844 0.6585826149503968
1845 0.6587389832913991
1846 0.6590990484828986
1847 0.6582185894736445
1848 0.6583363810690558
1849 0.6577142238620459
1850 0.6593891851787754
1851 0.6590952797556942
1852 0.6590975918564085
1853 0.6596938542811375
1854 0.6579043757281038
1855 0.6588864116618831
1856 0.6593454196073523
1857 0.6589153263061033
1858 0.6582020649530427
1859 0.6592221414179825
1860 0.6587684165663447
1861 0.6586031545227293
1862 0.659830207088222
1863 0.6589565089737802
1864 0.6597557137447847
1865 0.6591606450181653
1866 0.65939413350662
1867 0.6604089363252073
1868 0.6588754843510667
1869 0.6601073441940214
1870 0.6591195815702783
1871 0.6587719150244545
1872 0.6597095516541892
1873 0.6595232691971444
1874 0.6600077332070652
1875 0.6587920939471219
1876 0.6601681874901141
1877 0.6597263558154761
1878 0.6604231387134519
1879 0.6609538737798091
1880 0.6606131038868747
1881 0.6597759645982887
1882 0.6607681784379212
1883 0.6598238642367598
1884 0.6601322537962799
1885 0.6596597482421892
1886 0.6623163754042934
1887 0.6597453219702734
1888 0.6614235014651573
1889 0.6609049580151324
1890 0.6603623810004212
1891 0.6604281377650904
1892 0.6605377358810018
1893 0.6610876048688389
1894 0.6601639516574503
1895 0.6600737939441733
1896 0.6598709328755279
1897 0.6616037220707675
1898 0.6606132797316523
1899 0.6612167939865505
1900 0.6597428372244358
1901 0.6613034465692869
1902 0.6605305666990968
1903 0.6620941260706208
1904 0.6614787164707306
1905 0.6620730671713727
1906 0.6606316500347037
1907 0.6606981662719631
1908 0.6621109426789045
1909 0.6604207819385122
1910 0.6622213723211253
1911 0.6618995203866819
1912 0.6612816150047113
1913 0.6621478589456233
1914 0.6621170581980742
1915 0.6622218577013572
1916 0.6611349233257411
1917 0.6612005286331198
1918 0.6614419196943954
1919 0.661436083455926
1920 0.6619229820784814
1921 0.6620793024095322
1922 0.662297045438216
1923 0.6618965037747275
1924 0.6621600086425342
1925 0.6613036978378374
1926 0.6622436954239289
1927 0.662226309386155
1928 0.6624246901966991
1929 0.660534239039609
1930 0.6621538714583604
1931 0.6626466758115391
1932 0.6619915596906623
1933 0.6639952388745336
1934 0.6623887312822415
1935 0.6627154849116024
1936 0.6622044795013553
1937 0.6620963294592636
1938 0.6626133049682927
1939 0.6626384653703337
1940 0.6619521017618757
1941 0.6627575273303546
1942 0.6622694600731324
1943 0.6625579941521114
1944 0.6631326633667599
1945 0.6629888953049327
1946 0.6643143305479003
1947 0.6625213479193552
1948 0.6620679784651221
1949 0.6631033479203645
1950 0.663398244858819
1951 0.662666207652215
1952 0.6620289192631675
1953 0.6619782449678924
1954 0.6631703584753482
1955 0.6626512173677391
1956 0.6629877311745261
1957 0.6627040031835763
1958 0.6632610612151364
1959 0.663015267375341
1960 0.6625171979558114
1961 0.6630582138765566
1962 0.662844933371925
1963 0.664546248644114
1964 0.6643885355833516
1965 0.6626832928931977
1966 0.6631134881372976
1967 0.664146781782096
1968 0.6622782439271474
1969 0.6643523474012609
1970 0.6632130373244086
1971 0.6637656696068049
1972 0.6634878524776638
1973 0.6639572117590341
1974 0.6635070431595805
1975 0.6636473471540408
1976 0.6637045754216931
1977 0.6643561374164867
1978 0.6637731921408779
1979 0.664073567150589
1980 0.6642340473460155
1981 0.664132803570019
1982 0.6645064608738094
1983 0.6645305589986563
1984 0.6646698801451472
1985 0.664067920455796
1986 0.6639307387876988
1987 0.6645450693584085
1988 0.6632827482291271
1989 0.6634348554385927
1990 0.6646134995354553
1991 0.6649842246350575
1992 0.664389354813063
1993 0.6639081112050053
1994 0.6642187240720513
1995 0.6643347612182114
1996 0.6646873824835603
1997 0.6651843854129834
1998 0.6649108167175192
1999 0.665113017905808
2000 0.6646624547586171
2000 0.6643569273063527
2001 0.6644587635947445
2002 0.6656280588288834
2003 0.6651170593229195
2004 0.665000942987759
2005 0.6647469663384635
2006 0.6655278849151808
2007 0.6654057109241847
2008 0.6648369631296394
2009 0.6654683912767716
2010 0.6640808156619566
2011 0.6656878621353567
2012 0.6653238102114957
2013 0.6648182236083131
2014 0.664781208890511
2015 0.6661503905023004
2016 0.6652190710500749
2017 0.6663481117475037
2018 0.6646769008959866
2019 0.6662533302978118
2020 0.6663642515697138
2021 0.6659883374306959
2022 0.6650463186721896
2023 0.6664936840609043
2024 0.6649351469776421
2025 0.6658451032727215
2026 0.665597943648823
2027 0.6650819713445267
2028 0.6655750243901688
2029 0.6652364820223893
2030 0.6645137988794774
2031 0.6653780838139329
2032 0.665196714605259
2033 0.6661345648863095
2034 0.6656957264540337
2035 0.6656995526422718
2036 0.6660614064915391
2037 0.6667724143931612
2038 0.6667923741985909
2039 0.6649702411065558
2040 0.6651554005724705
2041 0.6659791289020447
2042 0.6667394008953438
2043 0.6658028383828208
2044 0.6663993852890041
2045 0.6669918409017209
2046 0.6662816830785685
2047 0.665319747244529
2048 0.6669529738567106
2049 0.6667507190933534
2050 0.6664993968021223
2051 0.6668765029128357
2052 0.6659922398482149
2053 0.6670349783203199
2054 0.6667276088030584
2055 0.6661378341913687
2056 0.6658520409966785
2057 0.6673653753553133
2058 0.6671890428706326
2059 0.6674920454843153
2060 0.6662776662870239
2061 0.6670241453461044
2062 0.6674252918659818
2063 0.6675098746518237
2064 0.6674915389237086
2065 0.6678960720751922
2066 0.6670494135467981
2067 0.6664224951490018
2068 0.666408520449657
2069 0.6675592193607821
2070 0.6668669608334499
2071 0.6663973791025275
2072 0.6673947774739649
2073 0.667356514588841
2074 0.6669788916271246
2075 0.6670367450863188
2076 0.6677295463726719
2077 0.6667946415248367
2078 0.6671694305765347
2079 0.6666746289205182
2080 0.6686125448473502
2081 0.6685436077363522
2082 0.6669960547438256
2083 0.6669826614209922
2084 0.6678333688637268
2085 0.6670226054672423
2086 0.6668973396919623
2087 0.6680581642653223
2088 0.668142652060439
2089 0.6678172530862914
2090 0.6682947303380279
2091 0.6674362284722958
2092 0.6685160260274458
2093 0.6690838257743963
2094 0.6678639501980292
2095 0.6682314532952501
2096 0.6690956132749094
2096 0.6674261576476312
2097 0.6684685471022112
2098 0.6684026028917048
2099 0.6689371610544083
2100 0.6678246615904876
2100 0.6673939044214187
2101 0.6685000684655824
2102 0.6676713608943701
2103 0.6680340746101223
2104 0.668433122009375
2105 0.6675877299331288
2106 0.6682482205017861
2107 0.6682192496488798
2108 0.6685064118752301
2109 0.6685593709012707
2110 0.6684616597437562
2111 0.669457133846159
2112 0.6685087954322554
2113 0.6681746574322858
2114 0.6682280579734022
2115 0.6683632820401689
2116 0.6683994301332191
2117 0.6694397980250895
2118 0.6685139131311746
2119 0.6683038865965414
2120 0.6693196860078157
2121 0.6687252816403292
2122 0.6695481275429136
2123 0.6690018800619537
2124 0.6686819504966908
2125 0.6688971464419627
2126 0.6695772271967801
2127 0.6694919879275901
2127 0.6690396711809214
2128 0.6684923893139164
2129 0.6685638791301528
2130 0.6686512581734032
2131 0.6694448339047087
2132 0.667809363303205
2133 0.6703581419669841
2134 0.66904552682342
2135 0.6692026256386342
2136 0.6691703819362543
2137 0.6695687833463828
2138 0.6702831916386299
2139 0.6689465099347471
2140 0.6701295315914133
2141 0.6691366515945539
2142 0.6691403884325656
2143 0.6695387871038024
2144 0.669710420091853
2145 0.670156078544055
2146 0.6689856408297192
2147 0.6696109664439721
2148 0.6692058980420298
2149 0.66939796621194
2150 0.6702265088761771
2151 0.6691180337693733
2152 0.6693684841390222
2153 0.6696951470979756
2154 0.6693566796807491
2155 0.6686626762052845
2156 0.6677620187738931
2157 0.6707787109991485
2158 0.6690107277230127
2159 0.67111515067586
2160 0.6698394102637256
2161 0.6698028909807267
2162 0.6704697772147352
2163 0.670100768666271
2164 0.6699257597413133
2165 0.6709245032792224
2166 0.6710101212198221
2167 0.6697463709545004
2168 0.6701285462947549
2169 0.6702474910066551
2170 0.670150118774677
2171 0.6702894757311035
2172 0.6709256921217687
2173 0.6706988967002178
2174 0.6707913212795259
2175 0.6707431078862952
2176 0.6707891734915611
2177 0.6705875726945023
2178 0.6710385498088316
2179 0.6695470287806415
2180 0.6705128655650077
2181 0.6708815784025799
2182 0.6696317133118299
2183 0.6709635368121649
2184 0.6695768426537259
2185 0.6704264399775711
2186 0.6706963244163389
2187 0.6688101565650468
2188 0.6701171921772311
2189 0.6709242349284884
2190 0.6713013162812365
2191 0.6704630175919145
2192 0.6711126416744861
2193 0.6703098174081555
2194 0.6700982501401567
2195 0.6710701285612867
2196 0.6706449312241584
2197 0.6712519847233166
2198 0.6713045307030906
2199 0.671716256981194
2200 0.6717282502340407
2200 0.6716673635806443
2201 0.6710894497570795
2202 0.6717553683306247
2203 0.6713446018153747
2204 0.6708786759582677
2205 0.6715160172094686
2206 0.6717364115093114
2207 0.6722460350884409
2208 0.671819612975671
2209 0.6710080543032646
2229 0.6717770239452223
2249 0.6718687640894225
2269 0.6729301857355134
2289 0.673037166008309
2309 0.6736061477273944
2329 0.6738948452716251
2349 0.6737279410661563
2369 0.6749042484134447
2389 0.6753354281097066
2409 0.674773815932512
2429 0.6759843062550496
2449 0.6755460207541208
2469 0.6759135353620965
2489 0.6761778871742627
2509 0.6762527465906916
2529 0.6763188162889283
2549 0.6772974948241085
2569 0.6769008298919922
2589 0.6775723061624229
2609 0.6764859712331414
2629 0.6768471260485135
2649 0.6776434107440815
2669 0.6784050420938941
2689 0.677710347453497
2709 0.6766409771118801
2729 0.6781541388559288
2749 0.6767291311287391
2769 0.6768493517151442
2789 0.6773995980458172
2809 0.6765138283399373
2829 0.6774059036327965
2849 0.6764122378188717
2869 0.6757536789257654
2889 0.6776152837987234
2209 0.6710080543032646
2229 0.6717770239452223
2249 0.6718687640894225
2269 0.6729301857355134
2289 0.673037166008309
2309 0.6736061477273944
2329 0.6738948452716251
2349 0.6737279410661563
2369 0.6749042484134447
2389 0.6753354281097066
2409 0.674773815932512
2429 0.6759843062550496
2449 0.6755460207541208
2469 0.6759135353620965
2489 0.6761778871742627
2509 0.6762527465906916
2529 0.6763188162889283
2549 0.6772974948241085
2569 0.6769008298919922
2589 0.6775723061624229
2609 0.6764859712331414
2629 0.6768471260485135
2649 0.6776434107440815
2669 0.6784050420938941
2689 0.677710347453497
2709 0.6766409771118801
2729 0.6781541388559288
2749 0.6767291311287391
2769 0.6768493517151442
2789 0.6773995980458172
2809 0.6765138283399373
2829 0.6774059036327965
2849 0.6764122378188717
2869 0.6757536789257654
2889 0.6776152837987234
2909 0.6756961952031849
2929 0.6768111906613058
2949 0.6757519215001836
2969 0.6770617047307791
2989 0.6756431916383933
3009 0.6756513727861159
3029 0.6757682630784927
3049 0.6770043942648929
3069 0.6753114313158389
3089 0.676393191150778
3109 0.6751358827070092
3129 0.6759090432305046
3149 0.6762973831412026
3169 0.6749185229020008
3189 0.675058004919083
3209 0.6744255456944476
3229 0.6750986979312361
3249 0.6748572493492416
3269 0.6742543667158408
3289 0.6742752509002912
4000 0.6728207299082173 
4050 0.6722275316536971 
4100 0.6715840874455581 
4150 0.6721742930360718 
4200 0.672249421404394 
4250 0.6729634959813983 
4300 0.6722309672557641 
4350 0.6725195710414801 
4400 0.6729555874809788 
4450 0.6723503126933322 
4500 0.672863996553946 
4550 0.6730038630292074 
4600 0.6734011904423699 
4650 0.6729894980893448 
4700 0.672701989826284 
4750 0.6740328117210053 
4800 0.6736836039713898 
4850 0.6741235261640836 
4900 0.6737732264995643 
4950 0.6743599157476189
5000 0.6741489583329079 
5100 0.6750337270715985 
5200 0.6748985129089592 
5300 0.6756869748083328 
5400 0.6759819633121914 
5500 0.676201429251028 
5600 0.6779410708758703 
5700 0.6773897870460918 
5800 0.677736578501074 
5900 0.6780525082709669 
6000 0.6788147164342618
6000 0.6786303993830597
6050 0.6785933419641413
6100 0.6790663168140898
6150 0.6785112476158242
6200 0.6787146926731988
6250 0.6786526435238739
6300 0.6787924461452113
6350 0.6785279434009083
6400 0.6785645000897358
6450 0.6783317057895358
6500 0.6788972400258335
6550 0.6789186427625227
6600 0.6790119266599051
6650 0.6784753165389623
6700 0.6786974609778968
6750 0.6780925509635815
6750 0.678386629513218
6850 0.679063317120397
6950 0.6789666972852829
7050 0.6788435181894723
7150 0.6785828738807754
7250 0.6782115210642178
7350 0.6785939381763926
7450 0.6785796690676021
7550 0.6785124548054736
7650 0.6787465673359192
7750 0.6785448415433355
7850 0.6786113917056035
7950 0.6787240837140905