2 -3.4639929077537657
3 -2.667820936979106
4 -2.8516292910485688
5 -3.550009774649329
6 -3.607034081470785
7 -3.563230393023073
8 -3.5516827885853743
9 -3.1783254770189147
10 -3.406996792743746
11 -3.299571135439045
12 -3.406365676079593
13 -3.5888897844413012
14 -3.3821657903450406
15 -3.4966196738111175
16 -3.6489573682335013
17 -3.551617968991072
18 -3.694563037341464
19 -3.7139262220990825
20 -3.5839092796611176
21 -3.8675776683299383
22 -3.6645121066658266
23 -3.73131138787685
24 -3.6442469808935347
25 -3.6769291909077224
26 -3.743274069962337
27 -3.767347647018953
28 -3.958343442302049
29 -3.7077051673738466
30 -3.879244966362488
31 -3.9734110117591523
32 -3.846726384426418
33 -4.29003217066822
34 -3.799865788963044
35 -4.040129601236663
36 -4.074332983168634
37 -4.078572036155423
38 -4.215238026491964
39 -3.922228330314089
40 -4.10194544649662
41 -4.203782087673332
42 -4.326153431659402
43 -4.241675464528051
44 -4.401782314489605
45 -4.4600317414784
46 -4.074384428063976
47 -4.443893883237051
48 -4.343262240215314
49 -4.487189232730916
50 -4.429430110663207
51 -4.21034205811157
52 -4.517495490669058
53 -4.432583809276346
54 -4.614470239749765
55 -4.661346607686585
56 -4.5974438492840966
57 -4.439153438078846
58 -4.568881176597233
59 -4.540143599478878
60 -4.694941828012548
61 -4.748300554234825
62 -4.6407490044040385
63 -4.684724885707058
64 -4.780980010806765
65 -4.583626533165318
66 -4.5263296133137345
67 -4.804137633940669
68 -4.706635686268666
69 -4.731026055373041
70 -4.907299429033948
71 -5.019258115922697
72 -4.937118115286775
73 -5.0635640659727565
74 -4.983715516641862
75 -4.962341094989796
76 -5.007771386121129
77 -4.898326153951711
78 -5.004353703003648
79 -4.948965334492713
80 -5.153683097254287
81 -4.984706051060835
82 -5.046373107752118
83 -5.143946824559939
84 -5.097495330121598
85 -5.15842930626604
86 -5.1374132430810855
87 -5.245134316202464
88 -5.2482747431372365
89 -5.218073468641739
90 -5.339703919275113
91 -5.333540235861264
92 -5.347686433588632
93 -5.246925532883641
94 -5.37193590503106
95 -5.2902675425844
96 -5.32763704312125
97 -5.365719063818317
98 -5.358018713947277
99 -5.443762592222953
100 -5.141509802238127
101 -5.361112654018265
102 -5.488126834504607
103 -5.350764740434946
104 -5.3611821230205425
105 -5.324644339422513
106 -5.355803871237314
107 -5.547431652219155
108 -5.427475151908402
109 -5.471515033911546
110 -5.517881144204317
111 -5.51247571498042
112 -5.464318314170037
113 -5.465470094686089
114 -5.565453411019201
115 -5.611837209579051
116 -5.591534038700382
117 -5.549004532532761
118 -5.50587335179722
119 -5.541294301966609
120 -5.754642741173205
121 -5.590158807731075
122 -5.658184644571716
123 -5.564955406935359
124 -5.864972660360374
125 -5.645074270702837
126 -5.661822471836993
127 -5.738415862505356
128 -5.5168017071723
129 -5.701988655520501
130 -5.845611777781196
131 -5.82080089204862
132 -5.7694328875332825
133 -5.784719439491879
134 -5.669327764096148
135 -5.84727233874713
136 -5.7787978743836526
137 -5.8139943963018155
138 -5.806134262326968
139 -5.8425874721775575
140 -5.861638543889904
141 -5.845960091767434
142 -5.801445026911891
143 -5.840410741542437
144 -5.950642697482582
145 -6.012516234075914
146 -6.011088293979943
147 -5.968956614171058
148 -6.063995390724335
149 -6.068123395881653
150 -6.045622112084357
151 -6.07531630524974
152 -6.16276617181393
153 -6.0679495553451765
154 -6.116792112067093
155 -6.157241609304086
156 -6.166163937417739
157 -6.203643825515651
158 -6.183330525607003
159 -6.204213722332114
160 -6.257110760655306
161 -6.366042355295854
162 -6.309092456869147
163 -6.156035188770709
164 -6.317271630230686
165 -6.262226104218118
166 -6.373160190302893
167 -6.3941793965056855
168 -6.472001746295892
169 -6.281753698812903
170 -6.466817696147565
171 -6.327973366381809
172 -6.306424168988529
173 -6.333032994193152
174 -6.452051873981695
175 -6.5695030655052635
176 -6.475288650658744
177 -6.519000366123473
178 -6.421698531682978
179 -6.415338800045513
180 -6.604757563100989
181 -6.646318136592645
182 -6.588017892180297
183 -6.578155684538513
184 -6.561840347985557
185 -6.729725731098428
186 -6.788654027074281
187 -6.703129151532342
188 -6.675485760062533
189 -6.750878115064668
190 -6.814007015729481
191 -6.673197602426681
192 -6.720729699309669
193 -6.769944910123622
194 -6.780581292990567
195 -6.744512253778946
196 -6.74495925301292
197 -6.918834597280627
198 -6.905319699765715
199 -6.964895689004887
200 -6.896581502555486
201 -6.9102216437955954
202 -6.918772133167159
203 -7.045409980979984
204 -6.983614166877534
205 -7.097735411241943
206 -7.127925075714235
207 -7.075075463187367
208 -7.137929570619071
209 -7.097486989552953
210 -7.0819988797008735
211 -7.207728994419262
212 -7.060673991773576
213 -7.227871552952096
214 -7.28319530863432
215 -7.1247818310198
216 -7.202207530989592
217 -7.303884192186607
218 -7.292248834416204
219 -7.2614221551113625
220 -7.347786492070702
221 -7.275242400917652
222 -7.399957400226331
223 -7.331878057542816
224 -7.476259051381727
225 -7.421834119725471
226 -7.416782828817509
227 -7.478567809866414
228 -7.417314598467854
229 -7.563049949728419
230 -7.483902779700838
231 -7.429667264233076
232 -7.5803657081324936
233 -7.529406017776857
234 -7.553165411216336
235 -7.520383176286875
236 -7.667114900751642
237 -7.610409819202521
238 -7.580587626219234
239 -7.691621448884693
240 -7.673837943389718
241 -7.853948005306235
242 -7.710556076382495
243 -7.853981010631332
244 -7.723016617598406
245 -7.892594795189225
246 -7.817881190789468
247 -7.93515310899372
248 -7.914936689090663
249 -7.9222375476904405
250 -7.833545217524933
251 -7.9901869640079575
252 -7.942496537894488
253 -7.92836163769612
254 -8.048795192739751
255 -8.1133327117526
256 -8.018827179671725
257 -8.204564441421985
258 -8.134242665492641
259 -7.941777347626164
260 -8.091519814322899
261 -8.070321507834933
262 -8.164139886549666
263 -8.140316524552354
264 -8.317396452559374
265 -8.314659669534572
266 -8.325545910267955
267 -8.286902396008253
268 -8.207561365399846
269 -8.261957687724449
270 -8.2155259819153
271 -8.340378243482935
272 -8.358485589116968
273 -8.407224703905385
274 -8.422108775145828
275 -8.409750835998706
276 -8.34314272340018
277 -8.520983780372193
278 -8.444595220992694
279 -8.442088968058913
280 -8.495186978323268
281 -8.541449196521498
282 -8.614325115400414
283 -8.554123186068475
284 -8.484109310376818
285 -8.59744446508098
286 -8.662079939040234
287 -8.799834494918594
288 -8.525374457971614
289 -8.570869751324187
290 -8.710580806010666
291 -8.679754878589867
292 -8.700026418823834
293 -8.704580248935358
294 -8.67552005401726
295 -8.77596603034522
296 -8.931013815845496
297 -8.696906034410711
298 -8.844143605920934
299 -8.93422592626121
300 -8.86395533523421
301 -8.987357638470622
302 -8.940769302548155
303 -8.891550304254254
304 -8.960003098238763
305 -8.90186530118124
306 -8.979341505185133
307 -8.91543013345137
308 -8.985172967430113
309 -9.03107792286374
310 -9.10039253459405
311 -9.035048853006542
312 -9.009875591209603
313 -9.13234330026343
314 -9.098318544105243
315 -9.215331998555492
316 -9.103268268790258
317 -9.174725040972454
318 -9.143414472917437
319 -9.194391491895791
320 -9.202759353030483
321 -9.269954705582489
322 -9.213716452622428
323 -9.281937874319635
324 -9.268608212054477
325 -9.308206387306994
326 -9.370684418106686
327 -9.370692726150558
328 -9.321416804387244
329 -9.305926604303256
330 -9.45097307113637
331 -9.363839648447057
332 -9.508425382540551
333 -9.44436025717741
334 -9.561020680020606
335 -9.50115074952312
336 -9.462763812614188
337 -9.537222894784037
338 -9.53396822643438
339 -9.486968774815756
340 -9.498920276652964
341 -9.57291848154403
342 -9.636162441318863
343 -9.591141617342949
344 -9.566763746956937
345 -9.559787694595672
346 -9.647773680070133
347 -9.680394028346855
348 -9.745524738482526
349 -9.719555447418776
350 -9.742891698194324
351 -9.720060575282128
352 -9.761881946001113
353 -9.81208090046793
354 -9.839020931935078
355 -9.776561689030867
356 -9.892414178577294
357 -9.838247526295715
358 -9.832389070861483
359 -9.832598058540523
360 -9.871924163083493
361 -9.921085602387334
362 -9.90180016869419
363 -10.012363434884215
364 -9.923777345172127
365 -9.995777374981854
366 -9.91659834947568
367 -10.030814672901494
368 -9.940935452801373
369 -10.070299453568298
370 -10.07527256110525
371 -10.065589754402076
372 -10.09642219955269
373 -10.018988088201906
374 -10.125890668470873
375 -10.185220861244463
376 -10.102560697448403
377 -10.146843178718402
378 -10.174534602537523
379 -10.18455188169368
380 -10.205568449788487
381 -10.260886061661504
382 -10.143133545871423
383 -10.223231022373838
384 -10.173587236829547
385 -10.290890887813159
386 -10.28253692752106
387 -10.343620030775439
388 -10.342594489898907
389 -10.38325414104279
390 -10.314671633716454
391 -10.428346723567856
392 -10.407456108524208
393 -10.442800342028809
394 -10.483118195980222
395 -10.474175041768017
396 -10.502897528984727
397 -10.577022575903285
398 -10.472206550413697
399 -10.508997526589367
400 -10.588921766884484
401 -10.516862691400336
402 -10.534704279920714
403 -10.6348750041327
404 -10.58712321999403
405 -10.633564447617102
406 -10.619935411353707
407 -10.618890552072097
408 -10.685107572790285
409 -10.644303048090734
410 -10.652113930873757
411 -10.66803553372178
412 -10.729099641574733
413 -10.731590854762363
414 -10.714564005473687
415 -10.702341655480355
416 -10.761071109333757
417 -10.800587524536315
418 -10.813557593515572
419 -10.801623160459846
420 -10.828767593856234
421 -10.874658223091563
422 -10.819446750151773
423 -10.900372121169791
424 -10.930317266385751
425 -10.88082369354535
426 -10.916271395337533
427 -10.938053814231257
428 -10.922343555198626
429 -10.930604497718793
430 -11.003353541599433
431 -11.051670718434776
432 -10.983566084161406
433 -10.97710628785419
434 -11.003925931726522
435 -11.144776724210747
436 -11.133898622891893
437 -11.077446185232896
438 -11.092897872438204
439 -11.072144646913259
440 -11.134684901685223
441 -11.07617285716829
442 -11.12608710640886
443 -11.192391692869354
444 -11.15189492178012
445 -11.210470826081114
446 -11.184765155462298
447 -11.247454758523958
448 -11.288016034641995
449 -11.265358109388439
450 -11.297452547447467
451 -11.297599330745088
452 -11.287135356418638
453 -11.34682884418855
454 -11.323122568261281
455 -11.353244906017203
456 -11.240404234917941
457 -11.323100671758723
458 -11.386459713140988
459 -11.431036281598761
460 -11.409863365807594
461 -11.452974495166513
462 -11.373695056909877
463 -11.455687018273156
464 -11.503701597128098
465 -11.486385502202564
466 -11.527616450280856
467 -11.470580130992076
468 -11.53395054208706
469 -11.552112498242908
470 -11.508455265228335
471 -11.588310671611199
472 -11.534208564253282
473 -11.553693769068566
474 -11.636945287185783
475 -11.600347274918619
476 -11.651862615400994
477 -11.648562768567134
478 -11.597317554872873
479 -11.668424045852998
480 -11.680928337104174
481 -11.671756208068691
482 -11.793771887052538
483 -11.707485320541236
484 -11.738588926795288
485 -11.77003752025408
486 -11.796549805771791
487 -11.762734256436953
488 -11.776358430637057
489 -11.809147539130565
490 -11.853766348068163
491 -11.852616274011067
492 -11.749049009410411
493 -11.846168028409343
494 -11.935169844479107
495 -11.859025599630911
496 -11.945211247842508
497 -11.931921765987358
498 -11.937090816756262
499 -11.910515094877939
500 -11.944500769662671
501 -11.949803466571293
502 -11.97064254852302
503 -11.97118269262297
504 -12.05242011724905
505 -11.987133777849206
506 -12.025891750684897
507 -12.051822307827953
508 -12.073990872521808
509 -12.080727079525815
510 -12.069595628035335
511 -12.055461059887191
512 -12.05456878750381
513 -12.145127018420409
514 -12.044434205833115
515 -12.180390383623807
516 -12.184536310636865
517 -12.191941333733359
518 -12.136805313579195
519 -12.289749825485998
520 -12.24183668147625
521 -12.228567365905766
522 -12.264802595533466
523 -12.26966965703208
524 -12.293990556594133
525 -12.228579590801544
526 -12.299573527229581
527 -12.333227867019934
528 -12.310533134668868
529 -12.332198058270384
530 -12.366893470401576
531 -12.359495479269007
532 -12.332705133857118
533 -12.39232121313578
534 -12.337571751165818
535 -12.404245862630379
536 -12.389847961929222
537 -12.384007024545081
538 -12.382984443412369
539 -12.447610573564907
540 -12.395064557276305
541 -12.447733471967025
542 -12.532869021265121
543 -12.476919383553753
544 -12.515197994290862
545 -12.514681109394617
546 -12.545939878313824
547 -12.585425545954102
548 -12.567732414053541
549 -12.574530667045321
550 -12.57189616780857
551 -12.59898584961787
552 -12.557109569088313
553 -12.59857063656291
554 -12.581012324251043
555 -12.634520787819673
556 -12.621114253647837
557 -12.673244237627996
558 -12.666732269152686
559 -12.65844860269025
560 -12.647788804352313
561 -12.691770997161173
562 -12.693646173252173
563 -12.741280316292494
564 -12.725225102575495
565 -12.695438132398154
566 -12.722545874132207
567 -12.746634639522576
568 -12.793273549476135
569 -12.75282024245035
570 -12.829145770104686
571 -12.782756023085552
572 -12.819029060389719
573 -12.76344034910198
574 -12.83623808728439
575 -12.87003372608622
576 -12.854519145861566
577 -12.914249010468192
578 -12.919361430505122
579 -12.884917619497534
580 -12.8971301337317
581 -12.935558247599602
582 -12.866897556701428
583 -12.912809099694332
584 -12.974914073234332
585 -12.92949979130979
586 -12.966358238601599
587 -12.931842204331348
588 -12.935478814648965
589 -12.953842494267173
590 -12.962555966541704
591 -13.031826990591235
592 -12.975543660695184
593 -13.055366948250912
594 -13.046553556536734
595 -12.974731127514266
596 -13.076891281878066
597 -13.069360887019801
598 -13.038766539408707
599 -13.138636815941805
600 -13.139059832020155
601 -13.081569511846073
602 -13.150282563088348
603 -13.139890772115026
604 -13.183091219581408
605 -13.20929025630695
606 -13.196600983455196
607 -13.189051914791358
608 -13.161817378089875
609 -13.244299712232518
610 -13.206071779530603
611 -13.193419778159164
612 -13.211093011870837
613 -13.234906919575433
614 -13.221101102051717
615 -13.227235366339736
616 -13.270074287981195
617 -13.2429874008621
618 -13.325930552561664
619 -13.250948587589205
620 -13.332409268534159
621 -13.298960393661389
622 -13.392542142197462
623 -13.343255483408436
624 -13.357482423968507
625 -13.357012405816157
626 -13.346567381092916
627 -13.33154152642562
628 -13.421332179418346
629 -13.414027374076342
630 -13.40127367671366
631 -13.424666829855505
632 -13.405800310080918
633 -13.389681644928059
634 -13.477625573329798
635 -13.432408007381433
636 -13.471189588997817
637 -13.458141601782573
638 -13.52077383074497
639 -13.518389451363664
640 -13.475664861813351
641 -13.493730766435178
642 -13.54730999820851
643 -13.510313502660166
644 -13.516062845743738
645 -13.544025753670914
646 -13.52844771282175
647 -13.541654408358589
648 -13.644729164941866
649 -13.595966609893761
650 -13.613219717942647
651 -13.63227243170443
652 -13.63143690520263
653 -13.625118444413186
654 -13.604435641830147
655 -13.679872770184858
656 -13.651022992461034
657 -13.684027260474917
658 -13.669695903478706
659 -13.682508569006313
660 -13.700787218570738
661 -13.771519644756106
662 -13.756212653850335
663 -13.710489422070223
664 -13.69544649398528
665 -13.713035858650152
666 -13.723185046778005
667 -13.798819663174383
668 -13.765430940100122
669 -13.751942529206039
670 -13.809106147247238
671 -13.84887634054688
672 -13.842440624652465
673 -13.835056344218804
674 -13.802699565971189
675 -13.803224839685173
676 -13.886390349183095
677 -13.866855463257034
678 -13.88604871606882
679 -13.880314541066955
680 -13.938941483343822
681 -13.906457629934819
682 -13.884034303869013
683 -13.872559842373784
684 -13.882822708680818
685 -13.961149864340646
686 -13.949537747755372
687 -13.900418353070796
688 -13.942775646616271
689 -13.899357462424657
690 -13.979581158739197
691 -13.981514609894111
692 -13.963906251545982
693 -13.964077134128228
694 -13.98759152957988
695 -13.977853607330655
696 -14.000074687562114
697 -14.04110157765283
698 -14.073564422561187
699 -14.02144475778899
700 -14.040666841043123
701 -14.06932707790474
702 -14.066628293884923
703 -14.082947283909172
704 -14.003901879419907
705 -14.126779049862535
706 -14.103469239238342
707 -14.112388887500732
708 -14.136686931994502
709 -14.134281802109191
710 -14.12193816659302
711 -14.115236353472769
712 -14.107078963146956
713 -14.158290242152443
714 -14.194876195892554
715 -14.175227965892931
716 -14.16875141619737
717 -14.183135903330276
718 -14.19870171794623
719 -14.220638051335706
720 -14.208551354324714
721 -14.189090753106733
722 -14.2304921533059
723 -14.197752185858718
724 -14.21666690014969
725 -14.236710954366787
726 -14.290878152922433
727 -14.25060597581389
728 -14.2641371783355
729 -14.326751354438857
730 -14.291736450939235
731 -14.29226836218527
732 -14.309460249965255
733 -14.298274240541277
734 -14.327679524908488
735 -14.308331594097158
736 -14.356101085668412
737 -14.308731829399498
738 -14.38032857202833
739 -14.348737369263684
740 -14.389261236003415
741 -14.350627665747098
742 -14.378194864907817
743 -14.437942575522348
744 -14.434693031016987
745 -14.387859728832234
746 -14.434856081041124
747 -14.406224973917544
748 -14.455221148003957
749 -14.433514907227
750 -14.422585874888203
751 -14.445186467988012
752 -14.405666999898155
753 -14.454273712927934
754 -14.469836504677357
755 -14.440811080667089
756 -14.482219743982983
757 -14.53063609216865
758 -14.525133536913374
759 -14.477514735079678
760 -14.455877528997608
761 -14.52668825195668
762 -14.548740537845578
763 -14.487505990267195
764 -14.591870985911736
765 -14.584397332631484
766 -14.540858083134658
767 -14.539243694885515
768 -14.548803880356724
769 -14.590565077247327
770 -14.567673522043759
771 -14.553581574531067
772 -14.597240194371137
773 -14.563485888248964
774 -14.643854375102842
775 -14.60206777225283
776 -14.617499792070412
777 -14.655387636470737
778 -14.679007193414048
779 -14.639979341669877
780 -14.69151915058932
781 -14.647854679324102
782 -14.664196272920567
783 -14.691301048596591
784 -14.70667766052759
785 -14.71866649731728
786 -14.727005488343172
787 -14.69692231290077
788 -14.714484602985154
789 -14.710284836443245
790 -14.737470747213498
791 -14.749876990454409
792 -14.780420947336848
793 -14.761466239952679
794 -14.769978156294084
795 -14.768690503888044
796 -14.733826291607896
797 -14.777521187570638
798 -14.763558740251128
799 -14.77276661085225
800 -14.801854731050039
801 -14.788588197876479
802 -14.792339700929528
803 -14.812732934127755
804 -14.824373544181086
805 -14.843161102819831
806 -14.835364153995071
807 -14.80923204441592
808 -14.867700222342076
809 -14.840408712776528
810 -14.834473871465113
811 -14.876815555512465
812 -14.893566411812513
813 -14.855797994503192
814 -14.871793552298573
815 -14.894086189336381
816 -14.88680363251
817 -14.926327253767637
818 -14.923441500944417
819 -14.9210791173785
820 -14.915406516931101
821 -14.900864517276116
822 -14.972263308019011
823 -14.933097051166039
824 -14.970882721524113
825 -14.96696569676902
826 -14.978587984913899
827 -14.955560363069853
828 -14.962942481587131
829 -14.978891964675427
830 -15.021004115216021
831 -14.983272423562585
832 -15.000813205148969
833 -15.03170222685627
834 -15.017118071777958
835 -15.013790970421448
836 -14.981574883875217
837 -15.052370344875921
838 -15.020982380823234
839 -15.02656973410136
840 -15.028420177586666
841 -15.052432558954042
842 -15.095356254899805
843 -15.079485986231534
844 -15.07464635413341
845 -15.083694663706929
846 -15.055736994375767
847 -15.09903513604664
848 -15.071345697258918
849 -15.138074336427861
850 -15.130174337317868
851 -15.138916150438444
852 -15.137832398380416
853 -15.152090521666155
854 -15.133566091002919
855 -15.172906976205285
856 -15.16330262823631
857 -15.133847062219417
858 -15.160248168596283
859 -15.143522158148466
860 -15.181414404023274
861 -15.19167490190514
862 -15.223557429477141
863 -15.21145259411982
864 -15.177614914058685
865 -15.191958747363719
866 -15.201619967769782
867 -15.191705251036705
868 -15.205153305081632
869 -15.198902622148625
870 -15.207119256358673
871 -15.234559190571145
872 -15.20352677134093
873 -15.207228089249252
874 -15.25750805253163
875 -15.256272513017866
876 -15.255035592459237
877 -15.28951781749269
878 -15.29588610552959
879 -15.344827059238792
880 -15.273868778914835
881 -15.302918846993723
882 -15.316100055874651
883 -15.329923058564402
884 -15.314491823562095
885 -15.290530209098046
886 -15.331113548543573
887 -15.307483081563458
888 -15.345158551758393
889 -15.364356905619202
890 -15.383967191366974
891 -15.354424228274768
892 -15.352500002316194
893 -15.367059110293857
894 -15.35253715842355
895 -15.399602709972632
896 -15.407856699953774
897 -15.411997257755747
898 -15.405075825526856
899 -15.364844160514812
900 -15.431642901432847
901 -15.420703406594862
902 -15.384884357502912
903 -15.419524999415001
904 -15.418481182342298
905 -15.423072433149251
906 -15.44461811059478
907 -15.451031580991682
908 -15.456978660526818
909 -15.452076397625774
910 -15.431576213144426
911 -15.477890232000892
912 -15.49672751026438
913 -15.464126049810279
914 -15.519131935026925
915 -15.507842572676838
916 -15.518739126291553
917 -15.522999818197745
918 -15.516100945160161
919 -15.547268238429679
920 -15.503550276601969
921 -15.560016867887043
922 -15.573415703013028
923 -15.50031276910778
924 -15.5442993782068
925 -15.545192893140323
926 -15.495997417320124
927 -15.540760728624067
928 -15.555412592640012
929 -15.538193292530533
930 -15.576331453030344
931 -15.594590317666567
932 -15.624891929012115
933 -15.578843447641866
934 -15.62816063767542
935 -15.575367777473021
936 -15.592267267159198
937 -15.591312883015968
938 -15.647544250795999
939 -15.662986443534294
940 -15.61471425148333
941 -15.628778953876672
942 -15.623761443348462
943 -15.630561984938039
944 -15.647509257120607
945 -15.626628024718615
946 -15.629552232059519
947 -15.642707034598724
948 -15.64584554822186
949 -15.70879737612685
950 -15.670911454325118
951 -15.670900688289505
952 -15.6703043946768
953 -15.66952457005251
954 -15.69148165517278
955 -15.739857863820303
956 -15.685518739566856
957 -15.690811374573922
958 -15.717560170516188
959 -15.70699340855746
960 -15.721495085597132
961 -15.716458428332343
962 -15.75431055310564
963 -15.707719084603346
964 -15.745877348426376
965 -15.718940625898842
966 -15.755660878867795
967 -15.75668042367927
968 -15.741885854148236
969 -15.772084030832934
970 -15.774554046053991
971 -15.76929157785563
972 -15.787559900248374
973 -15.778482669512208
974 -15.809470595781612
975 -15.781974806840742
976 -15.778039901743623
977 -15.830552154015978
978 -15.824342457685272
979 -15.84150037692281
980 -15.85573360850046
981 -15.816331865170504
982 -15.84664535145293
983 -15.865952807283247
984 -15.819206469659884
985 -15.855628203523178
986 -15.841643730738097
987 -15.808717866644937
988 -15.909913585556188
989 -15.851044662662026
990 -15.88139671997919
991 -15.87119257239885
992 -15.905835406228217
993 -15.9009356615047
994 -15.902247690749261
995 -15.894235793514692
996 -15.90156884943728
997 -15.893566750326691
998 -15.915812120826445
999 -15.894149462465089
1000 -15.91339889390827
1001 -15.932269486322465
1002 -15.919676376756174
1003 -15.920404486541324
1004 -15.96043518812649
1005 -15.92383553144625
1006 -15.946348188592932
1007 -15.93508544181322
1008 -15.947389237362485
1009 -15.965785760063964
1010 -15.982929322817398
1011 -15.972574090757966
1012 -15.980568696903678
1013 -15.991328400356162
1014 -15.97015606936195
1015 -15.998013609588352
1016 -15.99419620989948
1017 -15.988474655248874
1018 -15.984807833101588
1019 -15.979356758755713
1020 -15.981221271933704
1021 -15.996895657621327
1022 -15.997964862444928
1023 -16.00173652315499
1024 -16.03283793181487
1025 -16.02126115823806
1026 -16.042761212359437
1027 -16.019140383245084
1028 -16.020735867714738
1029 -16.055449319967096
1030 -16.040292617020953
1031 -16.028019503117026
1032 -16.053962406818073
1033 -16.0517413033738
1034 -16.085546755713874
1035 -16.079928269710514
1036 -16.0565685254635
1037 -16.09293654260933
1038 -16.072150461518522
1039 -16.093839682907863
1040 -16.104751379641044
1041 -16.140480346010182
1042 -16.094333691671572
1043 -16.08642234791357
1044 -16.149790701981342
1045 -16.10673954684555
1046 -16.079944766619878
1047 -16.121098901651287
1048 -16.156335948671682
1049 -16.115250946870002
1050 -16.105444604993384
1051 -16.10327033732952
1052 -16.15020179576455
1053 -16.168072279450218
1054 -16.14832277283165
1055 -16.154039466905452
1056 -16.165976496237732
1057 -16.155429199854428
1058 -16.16906117870756
1059 -16.191522003810224
1060 -16.185456646532
1061 -16.157366103088926
1062 -16.19411487831649
1063 -16.2092216946391
1064 -16.18199460030732
1065 -16.22964447930187
1066 -16.217958944527624
1067 -16.2141634145364
1068 -16.195477818584667
1069 -16.22348022271495
1070 -16.227788275003014
1071 -16.239148981764952
1072 -16.222722143768724
1073 -16.225008256310502
1074 -16.262556205772093
1075 -16.25463493203191
1076 -16.230494365541798
1077 -16.236064152336354
1078 -16.280576028036116
1079 -16.264730253055408
1080 -16.269379972920262
1081 -16.22568312713446
1082 -16.25674308569517
1083 -16.2822395250862
1084 -16.277490324370895
1085 -16.277829339408765
1086 -16.28400920184985
1087 -16.294109411921447
1088 -16.29283108832244
1089 -16.287960769998527
1090 -16.314647154943135
1091 -16.312439458368463
1092 -16.334026396334675
1093 -16.29275923060877
1094 -16.321280514048205
1095 -16.29940966134655
1096 -16.324625721328257
1097 -16.309313845421112
1098 -16.341663049013135
1099 -16.328744887793164
1100 -16.346885740938546
1101 -16.348241807029986
1102 -16.315614244716684
1103 -16.350732343306397
1104 -16.33664424455704
1105 -16.359186938465232
1106 -16.373414935682355
1107 -16.382035867628634
1108 -16.37911900955683
1109 -16.359657573191768
1110 -16.405234449454706
1111 -16.35310204691659
1112 -16.370219037001647
1113 -16.34109082438718
1114 -16.396164777072304
1115 -16.397069301859922
1116 -16.413246132701666
1117 -16.404334614575127
1118 -16.405195844938703
1119 -16.42218121145199
1120 -16.423631545021507
1121 -16.41361034833991
1122 -16.39883991864816
1123 -16.413248889459062
1124 -16.420435488084195
1125 -16.450420832198485
1126 -16.407886698477554
1127 -16.43823310477494
1128 -16.42090026645345
1129 -16.417702271747853
1130 -16.43513836736438
1131 -16.453063017631855
1132 -16.44889232675259
1133 -16.43613923105056
1134 -16.481367952039765
1135 -16.46053287160268
1136 -16.46895132782163
1137 -16.45081522217073
1138 -16.474523314586985
1139 -16.511499628874553
1140 -16.4780983476873
1141 -16.489324315592338
1142 -16.514572850566655
1143 -16.510224827723764
1144 -16.51045635308097
1145 -16.51640413590891
1146 -16.509783852835923
1147 -16.523964010306106
1148 -16.487977264276154
1149 -16.553159178739786
1150 -16.537312886902534
1151 -16.510148234021763
1152 -16.540419970530845
1153 -16.536452843892445
1154 -16.552185257142277
1155 -16.570208922732785
1156 -16.537693244919684
1157 -16.532584514376012
1158 -16.55489853586184
1159 -16.555555194693127
1160 -16.56120547927245
1161 -16.581200622085888
1162 -16.590734980755155
1163 -16.57719883131451
1164 -16.572150387920097
1165 -16.588207545097067
1166 -16.584756946969115
1167 -16.57282697956632
1168 -16.5993167057133
1169 -16.602242102764688
1170 -16.6032201554782
1171 -16.60837074773086
1172 -16.61353576708234
1173 -16.596622285673686
1174 -16.590886361617617
1175 -16.605196951259867
1176 -16.62918549821662
1177 -16.63715961265349
1178 -16.623964118679588
1179 -16.63676336067797
1180 -16.60713698435886
1181 -16.63014984909272
1182 -16.62350859001355
1183 -16.644987605726673
1184 -16.63309510002694
1185 -16.624120927854186
1186 -16.657656868723777
1187 -16.63668345297118
1188 -16.64620062598415
1189 -16.640283568267833
1190 -16.653488295976853
1191 -16.644149592379364
1192 -16.687948149725756
1193 -16.66841191224883
1194 -16.67398779489418
1195 -16.67854862338965
1196 -16.66709811891785
1197 -16.688350110339847
1198 -16.664725011592346
1199 -16.683171303552523
1200 -16.687829147522855
1201 -16.706942278424705
1202 -16.700946641675408
1203 -16.686326068679804
1204 -16.718541025004903
1205 -16.73497016936092
1206 -16.713377898857818
1207 -16.70803161055161
1208 -16.731134788961974
1209 -16.70944142093824
1210 -16.72940134059839
1211 -16.741610826195362
1212 -16.728711323129545
1213 -16.73132136400146
1214 -16.72007702207927
1215 -16.7355468706468
1216 -16.771288681872033
1217 -16.73995756800635
1218 -16.747492805176453
1219 -16.750158851963736
1220 -16.75865974230106
1221 -16.770590428594303
1222 -16.745343735515167
1223 -16.759824052367907
1224 -16.751523864648743
1225 -16.778593628349224
1226 -16.77652343995298
1227 -16.75012388130117
1228 -16.79203184892849
1229 -16.819753199103832
1230 -16.76133873524098
1231 -16.78747929489476
1232 -16.783273033840327
1233 -16.788518869732005
1234 -16.801894647511936
1235 -16.79723775277515
1236 -16.822975154309727
1237 -16.794605579275576
1238 -16.812732588955758
1239 -16.802737876988104
1240 -16.811889943506046
1241 -16.7873092553778
1242 -16.801891808397166
1243 -16.85148556489283
1244 -16.807035709460877
1245 -16.841064579034363
1246 -16.853858035908967
1247 -16.82213840307665
1248 -16.8095560669368
1249 -16.855259714872854
1250 -16.815124673392308
1251 -16.81975796062581
1252 -16.8453312439075
1253 -16.8533512444871
1254 -16.879711105571307
1255 -16.83695129047388
1256 -16.842041189204707
1257 -16.841978641004673
1258 -16.86147378365862
1259 -16.88485146162634
1260 -16.855653322612817
1261 -16.852374200213262
1262 -16.87895264205009
1263 -16.88044042532292
1264 -16.895623422245443
1265 -16.867440644187358
1266 -16.895613896968165
1267 -16.90256843448514
1268 -16.89605440528892
1269 -16.921434477401114
1270 -16.894428632002395
1271 -16.906775466032265
1272 -16.9247910190011
1273 -16.905554418536823
1274 -16.8917158320226
1275 -16.92918011214546
1276 -16.92071203223398
1277 -16.9037783117549
1278 -16.89860817232466
1279 -16.909909754060507
1280 -16.931368142863978
1281 -16.929280414100734
1282 -16.90792077245274
1283 -16.927491881309397
1284 -16.932969510726426
1285 -16.926546117760022
1286 -16.93914391253719
1287 -16.94525926856186
1288 -16.961855568840427
1289 -16.936685754803847
1290 -16.959588426773692
1291 -16.958295896558223
1292 -16.96268745571652
1293 -16.955255184070282
1294 -16.97318311903805
1295 -16.990611329171482
1296 -17.009304838631504
1297 -16.998372572243003
1298 -16.962998229198575
1299 -16.997790057163584
1300 -16.99160332872978
1301 -17.007867698672783
1302 -16.997940813330235
1303 -17.025200083591717
1304 -17.023526053001667
1305 -17.00347187846749
1306 -16.997250056689275
1307 -17.025188568879976
1308 -16.967394128105987
1309 -17.010731984206753
1310 -17.015377387536642
1311 -17.03766491338904
1312 -16.995382011267324
1313 -17.009096158722922
1314 -17.001118113535277
1315 -17.005586350605
1316 -17.029644382164836
1317 -17.04611238175315
1318 -17.02906842538691
1319 -17.027365936532522
1320 -17.02844353668903
1321 -17.053312056963595
1322 -17.04530822185464
1323 -17.03264124739052
1324 -17.041828996945675
1325 -17.075188807435104
1326 -17.06267980128378
1327 -17.06144411651949
1328 -17.05913147055258
1329 -17.055417631490936
1330 -17.074792566299426
1331 -17.072648944315176
1332 -17.080118454123312
1333 -17.1036016732996
1334 -17.098314247943897
1335 -17.0718209954261
1336 -17.097783629591206
1337 -17.085743118477676
1338 -17.09906425427845
1339 -17.09646078061639
1340 -17.092157189572166
1341 -17.08736532398999
1342 -17.099863234292798
1343 -17.08168983692929
1344 -17.113172488483144
1345 -17.096191151340946
1346 -17.1152448022122
1347 -17.119075490224787
1348 -17.082825511482337
1349 -17.102218187752054
1350 -17.116125960782984
1351 -17.098534308180565
1352 -17.144702548055417
1353 -17.109712316350574
1354 -17.12681587991367
1355 -17.140520088078272
1356 -17.123470617738462
1357 -17.140835898070037
1358 -17.166161184285155
1359 -17.103951892826412
1360 -17.13204236512812
1361 -17.153693749492685
1362 -17.128580440631847
1363 -17.117440687866402
1364 -17.15564090160296
1365 -17.145613691192665
1366 -17.142018137646907
1367 -17.161665797286332
1368 -17.15404681560388
1369 -17.16102138161195
1370 -17.15301429338655
1371 -17.185073259974896
1372 -17.188809465508342
1373 -17.1381484837431
1374 -17.16130272442229
1375 -17.178904383500523
1376 -17.179197158454087
1377 -17.172617239317194
1378 -17.19665703825845
1379 -17.19707677965334
1380 -17.19787266387468
1381 -17.19705035267927
1382 -17.182055259665326
1383 -17.217849984791478
1384 -17.184066230867924
1385 -17.189387306059814
1386 -17.2005049392601
1387 -17.202238399550094
1388 -17.225425796262446
1389 -17.21107555092545
1390 -17.203284503989487
1391 -17.228445095537346
1392 -17.216315328778336
1393 -17.209518865163293
1394 -17.217299962650916
1395 -17.2267557179483
1396 -17.224397657887355
1397 -17.232382239177678
1398 -17.22608085244726
1399 -17.236039818743745
1400 -17.248733919092363
1401 -17.23055876064872
1402 -17.23799920300202
1403 -17.20901281714699
1404 -17.23395639930578
1405 -17.228649727836764
1406 -17.250036148354273
1407 -17.245564197686267
1408 -17.252599034636773
1409 -17.256794587836655
1410 -17.257574414906635
1411 -17.25886530899779
1412 -17.25530764437601
1413 -17.247769272712485
1414 -17.280798420541885
1415 -17.25309582286006
1416 -17.273168806860298
1417 -17.272473015476404
1418 -17.269290808676644
1419 -17.264162236919923
1420 -17.267993365375006
1421 -17.28868506336853
1422 -17.267797108284864
1423 -17.259476281949357
1424 -17.266987342972456
1425 -17.292116480785797
1426 -17.295267782529518
1427 -17.286189704506977
1428 -17.283438378181284
1429 -17.31231974031843
1430 -17.3123820157373
1431 -17.30536689082705
1432 -17.331377811922383
1433 -17.30010490675267
1434 -17.316616540820156
1435 -17.324048517325114
1436 -17.299105335530516
1437 -17.30143445385568
1438 -17.32482977436264
1439 -17.332823264540995
1440 -17.311561446380246
1441 -17.29700210439673
1442 -17.322299692153674
1443 -17.328465062584552
1444 -17.322935590244974
1445 -17.328615556674478
1446 -17.34230987204314
1447 -17.313591815116613
1448 -17.35229953826558
1449 -17.36127901357556
1450 -17.32926805227274
1451 -17.33749540947724
1452 -17.348099481885562
1453 -17.33632759978629
1454 -17.357952583514244
1455 -17.334427554794303
1456 -17.353993203880087
1457 -17.360921042884964
1458 -17.35397713456962
1459 -17.35234894727485
1460 -17.37441736408221
1461 -17.374063285846482
1462 -17.355053809959536
1463 -17.367971421366892
1464 -17.372826732784578
1465 -17.372642403439638
1466 -17.366586605470495
1467 -17.36461398173265
1468 -17.37355861504498
1469 -17.368855240339048
1470 -17.380722513687523
1471 -17.3872021097988
1472 -17.380622090268684
1473 -17.397144504901906
1474 -17.394148365323826
1475 -17.38661536325897
1476 -17.38551828292629
1477 -17.383352332524883
1478 -17.396633318254448
1479 -17.39746503737195
1480 -17.381699260034942
1481 -17.39948542625051
1482 -17.41418416139936
1483 -17.3948468773591
1484 -17.3995308096186
1485 -17.409899276735054
1486 -17.422372104096503
1487 -17.401571633025785
1488 -17.411112863419763
1489 -17.41204037281499
1490 -17.408298780875484
1491 -17.414670529647665
1492 -17.422412772509485
1493 -17.422896395524603
1494 -17.421563381801462
1495 -17.41947748287612
1496 -17.439736269524474
1497 -17.443827501617942
1498 -17.440580480636658
1499 -17.431029076426515
1500 -17.447024897229294
1501 -17.455582125031356
1502 -17.440559564366644
1503 -17.449836292848456
1504 -17.400458153976157
1505 -17.45008668487248
1506 -17.434923063682096
1507 -17.43366081497333
1508 -17.454580471282668
1509 -17.457787051346504
1510 -17.4595517621398
1511 -17.458399826843156
1512 -17.46191938714357
1513 -17.468089164969783
1514 -17.453932296616244
1515 -17.470417316998194
1516 -17.447436618786025
1517 -17.478056297908736
1518 -17.45578503439984
1519 -17.463581670095447
1520 -17.475715952048663
1521 -17.474128004513368
1522 -17.46586892197622
1523 -17.473422372111273
1524 -17.472544188439514
1525 -17.48434559370653
1526 -17.48584636024348
1527 -17.49636531225464
1528 -17.495809563527683
1529 -17.4864265475749
1530 -17.50760240768883
1531 -17.490208457031784
1532 -17.514999970781624
1533 -17.49298843534739
1534 -17.483490582697797
1535 -17.501352295094975
1536 -17.502758092198906
1537 -17.52832253186093
1538 -17.510174925154395
1539 -17.50463819486809
1540 -17.522273096096832
1541 -17.513364772197765
1542 -17.52941886153136
1543 -17.51824872173249
1544 -17.5374227172843
1545 -17.496516629767914
1546 -17.528846818931125
1547 -17.5122533130399
1548 -17.539890346503682
1549 -17.537863031448
1550 -17.533802929331138
1551 -17.546049274278428
1552 -17.531578004846367
1553 -17.5099577377244
1554 -17.529695019226214
1555 -17.550294278876162
1556 -17.526359418269983
1557 -17.529681751824018
1558 -17.53663170196687
1559 -17.55609883236404
1560 -17.524886432917153
1561 -17.5541278635493
1562 -17.53306709721242
1563 -17.555849864800724
1564 -17.55039948906943
1565 -17.556603046952933
1566 -17.565635891258225
1567 -17.555427674135924
1568 -17.541354158113695
1569 -17.573286632445758
1570 -17.553280232561033
1571 -17.554165089440918
1572 -17.57328685185172
1573 -17.55097426398692
1574 -17.574867229310538
1575 -17.588487706375147
1576 -17.57699065939988
1577 -17.58739764712132
1578 -17.610980162467946
1579 -17.590592385050446
1580 -17.583554809173847
1581 -17.593562371494844
1582 -17.59316477695482
1583 -17.590615850555373
1584 -17.59036049161233
1585 -17.591805083261438
1586 -17.582947799606725
1587 -17.59386701910474
1588 -17.59822821193526
1589 -17.6124795659988
1590 -17.587241408189904
1591 -17.604024826975568
1592 -17.586432031245888
1593 -17.613782576516204
1594 -17.598145317529116
1595 -17.592279166450712
1596 -17.599689545422063
1597 -17.613198728066305
1598 -17.603742704206994
1599 -17.621903734052122
1600 -17.631077627211372
1601 -17.62430424592264
1602 -17.6134145628207
1603 -17.61763702923804
1604 -17.616896943802303
1605 -17.616682698534362
1606 -17.632342213205572
1607 -17.633657776472862
1608 -17.628301750327104
1609 -17.64763995468238
1610 -17.637631876527173
1611 -17.624768600978342
1612 -17.65040851808539
1613 -17.627941697431005
1614 -17.655562783674384
1615 -17.63977502465759
1616 -17.668042598470148
1617 -17.625296358443855
1618 -17.656026479414265
1619 -17.651995030634552
1620 -17.66609336397795
1621 -17.6421777144577
1622 -17.636803697848936
1623 -17.656608784754734
1624 -17.652773929809886
1625 -17.639122613881625
1626 -17.653700700287146
1627 -17.668568254763375
1628 -17.65807111095642
1629 -17.650791380356665
1630 -17.660525265714256
1631 -17.687046480393263
1632 -17.658470371671246
1633 -17.649097183065233
1634 -17.685521796629487
1635 -17.658821060722612
1636 -17.67064427884576
1637 -17.670434756258338
1638 -17.675793489617234
1639 -17.666861906077113
1640 -17.663245015053036
1641 -17.69104796839501
1642 -17.675692737459354
1643 -17.691731273562464
1644 -17.674627793389416
1645 -17.69382261436612
1646 -17.67853801064146
1647 -17.673384763172155
1648 -17.683299148659255
1649 -17.69828350774641
1650 -17.710033429803826
1651 -17.69280977199391
1652 -17.707255950206942
1653 -17.711194603055493
1654 -17.691012505259316
1655 -17.711581545641163
1656 -17.713776293511827
1657 -17.71224844182946
1658 -17.70747716247904
1659 -17.737967051137193
1660 -17.73071240002527
1661 -17.71456011101898
1662 -17.711794790717263
1663 -17.705676117880845
1664 -17.730142940736297
1665 -17.72081932977138
1666 -17.71746675532875
1667 -17.744852753469768
1668 -17.717396435136855
1669 -17.71469770755985
1670 -17.72285099151024
1671 -17.71431487838072
1672 -17.73128641526811
1673 -17.72426511598756
1674 -17.72652862582052
1675 -17.72223296830288
1676 -17.721915491440686
1677 -17.730370043081926
1678 -17.75712072938425
1679 -17.750004409613304
1680 -17.75307750529103
1681 -17.745707961051025
1682 -17.759876489260517
1683 -17.74854906252468
1684 -17.745247437254065
1685 -17.742586568756607
1686 -17.749988462889966
1687 -17.740591998823522
1688 -17.74338404848322
1689 -17.744746247378135
1690 -17.74125768051993
1691 -17.762768114414502
1692 -17.748377850813824
1693 -17.759961513740418
1694 -17.776776024813696
1695 -17.761649334633915
1696 -17.74506613802638
1697 -17.745154332895446
1698 -17.76307327414021
1699 -17.784155966000696
1700 -17.764993707912893
1701 -17.753487188718083
1702 -17.765418505698005
1703 -17.774589109675514
1704 -17.79004259606994
1705 -17.773881013346443
1706 -17.766049349170224
1707 -17.759847695420532
1708 -17.777419376534496
1709 -17.78216931766349
1710 -17.777599679059577
1711 -17.79488440121504
1712 -17.801825158657167
1713 -17.785830403386935
1714 -17.800768199857988
1715 -17.778688926660035
1716 -17.78333825165399
1717 -17.810021645019713
1718 -17.801950129722943
1719 -17.794971300813117
1720 -17.78706878822044
1721 -17.792554892067322
1722 -17.80113493154826
1723 -17.813399128616535
1724 -17.799629959688506
1725 -17.815395100701473
1726 -17.800897587579584
1727 -17.799050566577574
1728 -17.814343195626513
1729 -17.819099429383893
1730 -17.798872155685032
1731 -17.814182347100477
1732 -17.829623134961103
1733 -17.82027293138947
1734 -17.805597300500647
1735 -17.810348542040842
1736 -17.80820112060879
1737 -17.81979370812041
1738 -17.821228940173906
1739 -17.803064851804752
1740 -17.833976748990324
1741 -17.81765912365949
1742 -17.828521854302156
1743 -17.845323115906307
1744 -17.846791126899134
1745 -17.835788976533944
1746 -17.82803205362366
1747 -17.81807031037404
1748 -17.825171069723865
1749 -17.837833328374398
1750 -17.840021339077243
1751 -17.825379566133556
1752 -17.833908664809456
1753 -17.855094418600675
1754 -17.836751784749453
1755 -17.839217167024216
1756 -17.839154503284416
1757 -17.836637833349116
1758 -17.850035684163252
1759 -17.850452541489172
1760 -17.860243926045623
1761 -17.850136849451594
1762 -17.85564391273058
1763 -17.851867249137115
1764 -17.869733050562406
1765 -17.85395917012321
1766 -17.87094392770046
1767 -17.86657224213302
1768 -17.85560412548304
1769 -17.85479436102394
1770 -17.86373069781958
1771 -17.852049075250726
1772 -17.86494709511882
1773 -17.86158731454706
1774 -17.874665933687826
1775 -17.85941379449089
1776 -17.865908505640988
1777 -17.866229585241392
1778 -17.88329069778538
1779 -17.876255978283357
1780 -17.86807826984302
1781 -17.86934660476818
1782 -17.89261081609886
1783 -17.873736428943875
1784 -17.88934460472291
1785 -17.881834383204477
1786 -17.880657022767668
1787 -17.887850661699375
1788 -17.88527824862457
1789 -17.90211987485145
1790 -17.879534561606444
1791 -17.894680164123415
1792 -17.895357513506237
1793 -17.89848430206304
1794 -17.89346747137802
1795 -17.886783340782006
1796 -17.8831487267948
1797 -17.891433415760392
1798 -17.891329787328743
1799 -17.905414793771673
1800 -17.89754019320175
1801 -17.900038361368534
1802 -17.89599644161035
1803 -17.90242900718021
1804 -17.89536564840159
1805 -17.895562325534897
1806 -17.894364103692986
1807 -17.921711621163272
1808 -17.9037332438835
1809 -17.89885261291726
1810 -17.918426801236397
1811 -17.93622628085112
1812 -17.919021957368575
1813 -17.918166342712738
1814 -17.91834055165743
1815 -17.916807448069438
1816 -17.91174911390831
1817 -17.93029083815385
1818 -17.906634146667216
1819 -17.936399906103787
1820 -17.932975036286205
1821 -17.908668680164435
1822 -17.92954760155306
1823 -17.915373574434224
1824 -17.935783373972832
1825 -17.92736519777141
1826 -17.952712723845963
1827 -17.915147834263227
1828 -17.929996140107786
1829 -17.92946319306545
1830 -17.94429568855778
1831 -17.929849289652747
1832 -17.948515233952136
1833 -17.942164560344363
1834 -17.96303706930905
1835 -17.936831300550537
1836 -17.949293844097024
1837 -17.94488540290798
1838 -17.94134269106547
1839 -17.935287803375676
1840 -17.94756711984457
1841 -17.949816719018116
1842 -17.930770983978874
1843 -17.94290662936277
1844 -17.95084693237437
1845 -17.963394231559036
1846 -17.933724704796255
1847 -17.94957798064997
1848 -17.961601357612313
1849 -17.957457415386536
1850 -17.966319581681873
1851 -17.953031152578312
1852 -17.948400589872403
1853 -17.959104475804885
1854 -17.967570389259887
1855 -17.96847423714316
1856 -17.94456138761293
1857 -17.964421704523414
1858 -17.962243082161912
1859 -17.96361764225067
1860 -17.963722971008217
1861 -17.97191548293621
1862 -17.977197158496256
1863 -17.973475767585235
1864 -17.973077727984506
1865 -17.980649233381897
1866 -17.990113374230216
1867 -17.965539163094423
1868 -17.978493870052816
1869 -17.962725749580986
1870 -17.985538922129233
1871 -17.98293910214849
1872 -17.989519575385913
1873 -17.973673573926405
1874 -17.99335163790025
1875 -17.97592455773831
1876 -17.995430511812778
1877 -18.002631251645234
1878 -17.995714124380417
1879 -17.986358252244592
1880 -17.97340265307168
1881 -17.992194446420637
1882 -17.98072798827169
1883 -17.99488843086458
1884 -17.99726989516441
1885 -17.99579288046946
1886 -17.98701543533367
1887 -17.994969998805942
1888 -17.994928669457263
1889 -18.009094232866783
1890 -18.004932175665108
1891 -17.98303075369473
1892 -17.99961506457568
1893 -18.002724300349076
1894 -17.989700501120833
1895 -18.009901931015502
1896 -18.01737598172235
1897 -18.008956858800083
1898 -18.01111642728532
1899 -18.02594712707672
1900 -18.00374111111031
1901 -18.02894123004435
1902 -18.000651625435765
1903 -18.016193467030966
1904 -18.00559567030649
1905 -18.015508742683846
1906 -18.02521385403313
1907 -18.014338436368384
1908 -18.004296837801963
1909 -18.015989646645394
1910 -18.01105804965601
1911 -18.01751963187497
1912 -18.014923413563317
1913 -18.01605488542869
1914 -18.0438384895801
1915 -18.018086348948525
1916 -18.015066884097156
1917 -18.021202024137146
1918 -18.03571218757883
1919 -18.03567440208806
1920 -18.026751495399534
1921 -18.04443154344921
1922 -18.03050295786006
1923 -18.033892812364535
1924 -18.0277732632589
1925 -18.03637496362251
1926 -18.02952583261259
1927 -18.0327987137167
1928 -18.041290442050126
1929 -18.047604998842395
1930 -18.05374867174589
1931 -18.041153157259796
1932 -18.0422395068917
1933 -18.04138823381272
1934 -18.04649814734028
1935 -18.03304080182087
1936 -18.041729585557807
1937 -18.04731225872809
1938 -18.023247599880776
1939 -18.047924754287678
1940 -18.054787859860127
1941 -18.04095079313174
1942 -18.054677407099067
1943 -18.05481552399744
1944 -18.06281500886663
1945 -18.045711377708685
1946 -18.071737537849167
1947 -18.062826343989574
1948 -18.06390933298414
1949 -18.056366119387857
1950 -18.071537572211597
1951 -18.0542083194849
1952 -18.054238333301466
1953 -18.0483074068725
1954 -18.0823438136914
1955 -18.054364489347076
1956 -18.088973678131655
1957 -18.071771897100472
1958 -18.071369488685555
1959 -18.061166398299385
1960 -18.057408535271104
1961 -18.08178382321976
1962 -18.071802156756366
1963 -18.079167092962035
1964 -18.06275929239722
1965 -18.07234027420347
1966 -18.07100931221148
1967 -18.089743215806337
1968 -18.078076701146998
1969 -18.07381638593899
1970 -18.07146753027322
1971 -18.073880272518817
1972 -18.088097732626704
1973 -18.088498663087687
1974 -18.081535476105362
1975 -18.079877705605707
1976 -18.09219323013144
1977 -18.095341104466343
1978 -18.074218865241907
1979 -18.08610455376514
1980 -18.076805427808914
1981 -18.079807781399847
1982 -18.09241094401351
1983 -18.08088113447495
1984 -18.08744743004699
1985 -18.088544783403858
1986 -18.09188531134423
1987 -18.11505045056785
1988 -18.07913753932037
1989 -18.075553130496733
1990 -18.107579606368326
1991 -18.08915923399741
1992 -18.087922037123732
1993 -18.10007264855362
1994 -18.11822283876016
1995 -18.09612117183266
1996 -18.10016600450991
1997 -18.103897267385403
1998 -18.108960792001472
1999 -18.095397915170885
2000 -18.103663273611833
2001 -18.09874283793401
2002 -18.10966901969459
2003 -18.103400014011612
2004 -18.117829934751207
2005 -18.118539221508524
2006 -18.108383105879938
2007 -18.104871521757087
2008 -18.110378616933765
2009 -18.117603952714262
2010 -18.122105809831385
2011 -18.12548933402273
2012 -18.120648981617453
2013 -18.11784469870507
2014 -18.13260955206047
2015 -18.110018022104427
2016 -18.114504640000305
2017 -18.118602770087644
2018 -18.11956196799841
2019 -18.08393684449379
2020 -18.11011214682935
2021 -18.127527409855677
2022 -18.14856191204683
2023 -18.11941047023113
2024 -18.121797662192428
2025 -18.137693679914026
2026 -18.127909415321987
2027 -18.115469189970696
2028 -18.12133713453419
2029 -18.142452284830195
2030 -18.13177472010407
2031 -18.13626027223778
2032 -18.140590381004213
2033 -18.13528043396191
2034 -18.13017253204336
2035 -18.132524891906428
2036 -18.13025252284811
2037 -18.14958446338839
2038 -18.145832701246032
2039 -18.13861761630641
2040 -18.134230785232823
2041 -18.142255503692844
2042 -18.140925593795117
2043 -18.1398358841318
2044 -18.14499860481244
2045 -18.144661849019478
2046 -18.145329664420434
2047 -18.143312370764857
2048 -18.14446831522278
2049 -18.148579849966033
2050 -18.149404918308804
2051 -18.14290342659529
2052 -18.151337799934762
2053 -18.139043652940977
2054 -18.143521759052835
2055 -18.15200215353979
2056 -18.13958041441764
2057 -18.145106837660283
2058 -18.16172801521207
2059 -18.14434634759316
2060 -18.150075725692584
2061 -18.153292352302
2062 -18.15074123636026
2063 -18.158738773331084
2064 -18.154428349745622
2065 -18.16073173221521
2066 -18.160567241154034
2067 -18.158848250024096
2068 -18.166854718650555
2069 -18.15746034566415
2070 -18.151420022049795
2071 -18.156328752683255
2072 -18.17854678364593
2073 -18.15007801180381
2074 -18.18869708938938
2075 -18.166535572843184
2076 -18.17777789437892
2077 -18.17026900592407
2078 -18.166425005309893
2079 -18.178252057676062
2080 -18.1743207534756
2081 -18.166619872777357
2082 -18.15777989907
2083 -18.163947683609916
2084 -18.181537108268323
2085 -18.18683100669696
2086 -18.17096922419998
2087 -18.18894578778853
2088 -18.167724818062876
2089 -18.180659012488086
2090 -18.17373165717834
2091 -18.193059018682728
2092 -18.18253658527029
2093 -18.18953239001674
2094 -18.1690325326385
2095 -18.199166537595715
2096 -18.167624824371654
2097 -18.18237261620262
2098 -18.186579683558342
2099 -18.18572151251706
2100 -18.196720748669065
2101 -18.1875345495439
2102 -18.196006940201386
2103 -18.20667265501408
2104 -18.167540810776224
2105 -18.18345986034377
2106 -18.179236040849926
2107 -18.17498736321159
2108 -18.188620291021447
2109 -18.18743025545662
2110 -18.193584582459845
2111 -18.197106089256945
2112 -18.203645461979306
2113 -18.205916984022362
2114 -18.205645782121323
2115 -18.206857751824554
2116 -18.207101557146192
2117 -18.197968120021095
2118 -18.186485026730196
2119 -18.20662880904684
2120 -18.214277788223196
2121 -18.184502115749467
2122 -18.207944566714215
2123 -18.21854850318549
2124 -18.203278359705028
2125 -18.206550028795334
2126 -18.195819393086694
2127 -18.201808801919036
2128 -18.19404973072948
2129 -18.200913914417143
2130 -18.206028606830458
2131 -18.211153593445488
2132 -18.199270798958068
2133 -18.217315041587952
2134 -18.20572261120076
2135 -18.20652753898601
2136 -18.200523249760998
2137 -18.212473763768852
2138 -18.208079263091122
2139 -18.22713897834011
2140 -18.21702572906098
2141 -18.233072025333662
2142 -18.22769946243198
2143 -18.221567703011317
2144 -18.230099365617573
2145 -18.206799001003997
2146 -18.217519285326684
2147 -18.20565945675864
2148 -18.215590151605337
2149 -18.22322887082424
2150 -18.215992053941346
2151 -18.229561429527138
2152 -18.224635717511532
2153 -18.230540644912082
2154 -18.231997300945523
2155 -18.222124266813868
2156 -18.218289941414795
2157 -18.2387950349534
2158 -18.215105445171815
2159 -18.22870278229451
2160 -18.219003794853798
2161 -18.234467237696585
2162 -18.215641820604294
2163 -18.24055130966433
2164 -18.231677920114297
2165 -18.23660731693524
2166 -18.235236694746956
2167 -18.233160162548533
2168 -18.24491421249012
2169 -18.242360318289684
2170 -18.218049481765004
2171 -18.237218163931605
2172 -18.228004861920116
2173 -18.243356013344897
2174 -18.230734670080857
2175 -18.241323805600917
2176 -18.244267514272792
2177 -18.238955524443902
2178 -18.240600468666173
2179 -18.24235587004531
2180 -18.24934083930623
2181 -18.242946603439968
2182 -18.24804167942588
2183 -18.251895696441114
2184 -18.242248538242393
2185 -18.252415497681618
2186 -18.2597750401446
2187 -18.251887149174795
2188 -18.260487442008408
2189 -18.240881540356174
2190 -18.270535713910654
2191 -18.251817469788026
2192 -18.251463321586144
2193 -18.276731837890523
2194 -18.24146179564453
2195 -18.260606203920425
2196 -18.244042806647723
2197 -18.260567467869425
2198 -18.256060377976706
2199 -18.25893744790781
2200 -18.242017947594636
2201 -18.260618748736597
2202 -18.265934456356764
2203 -18.26569337987052
2204 -18.259956051362547
2205 -18.270898792192998
2206 -18.258748244534036
2207 -18.25547348770398
2208 -18.252503779279646
2209 -18.26247321364285
2210 -18.261983261965685
2211 -18.273982340779337
2212 -18.259918158619012
2213 -18.258456035771527
2214 -18.26907252886935
2215 -18.280994540590495
2216 -18.275010947860533
2217 -18.276415403979154
2218 -18.276593106570548
2219 -18.28257023367456
2220 -18.278492132446388
2221 -18.258106533269725
2222 -18.273108367354396
2223 -18.276315470838775
2224 -18.27635517388884
2225 -18.264147716325237
2226 -18.28823832138433
2227 -18.271104477051978
2228 -18.2680365921798
2229 -18.288930980574904
2230 -18.27367729894973
2231 -18.29168553761871
2232 -18.264220128813612
2233 -18.27869004150917
2234 -18.25865520570895
2235 -18.272488246892813
2236 -18.272693023357373
2237 -18.274098774460054
2238 -18.280916603169533
2239 -18.28891873194105
2240 -18.283539624379333
2241 -18.271143151503342
2242 -18.28457745118472
2243 -18.289255954788167
2244 -18.27539041835475
2245 -18.273909638964174
2246 -18.290886828769942
2247 -18.29432879138692
2248 -18.302389507045646
2249 -18.289980027341876
2250 -18.284589056166535
2251 -18.285167813670572
2252 -18.29279070951357
2253 -18.296743411441113
2254 -18.293589802978698
2255 -18.28673224609982
2256 -18.284778970885803
2257 -18.29578611504067
2258 -18.284606112202987
2259 -18.31153471263488
2260 -18.29430058408584
2261 -18.28902716455075
2262 -18.28957959770432
2263 -18.294221482060586
2264 -18.31143958833086
2265 -18.301947756838572
2266 -18.307293682969554
2267 -18.303244453422572
2268 -18.295784452269274
2269 -18.295241621442962
2270 -18.296980333062795
2271 -18.30476593913832
2272 -18.300291947152992
2273 -18.30739776365104
2274 -18.305396887240107
2275 -18.304893910374854
2276 -18.3096989633217
2277 -18.301453918407468
2278 -18.30533893608394
2279 -18.307621086625037
2280 -18.306759502125416
2281 -18.320326735951006
2282 -18.3088792992869
2283 -18.310628475603373
2284 -18.30876175483863
2285 -18.303833025756653
2286 -18.309129477649137
2287 -18.304669548370136
2288 -18.30771092024921
2289 -18.300988000179085
2290 -18.29937097702959
2291 -18.309547973276633
2292 -18.302727045447714
2293 -18.320750727347626
2294 -18.309219910272205
2295 -18.313677699499884
2296 -18.30843478797939
2297 -18.32915692910547
2298 -18.32857337710214
2299 -18.311107303405493
2300 -18.304661848335318
2301 -18.3350133501001
2302 -18.31136333700041
2303 -18.32558232376506
2304 -18.30188389592635
2305 -18.308173208453336
2306 -18.321266414543302
2307 -18.32650499277857
2308 -18.348625410602178
2309 -18.335658397233882
2310 -18.328759084151898
2311 -18.315071201579215
2312 -18.316859144674
2313 -18.340684848336906
2314 -18.330190458225687
2315 -18.3375814909049
2316 -18.332669138840142
2317 -18.32739777034449
2318 -18.30909331412003
2319 -18.345279964736104
2320 -18.307849574297652
2321 -18.321273432234705
2322 -18.346972802093678
2323 -18.329002881210247
2324 -18.328895470443
2325 -18.34415285227307
2326 -18.329345219120068
2327 -18.326189815654633
2328 -18.326899004425954
2329 -18.322573060910265
2330 -18.32854330715215
2331 -18.33382636966554
2332 -18.349619301274036
2333 -18.353761604649815
2334 -18.330893340890402
2335 -18.345057213808115
2336 -18.339089257374518
2337 -18.344129854522738
2338 -18.331922772148634
2339 -18.338885119245095
2340 -18.337897823203654
2341 -18.33446551909287
2342 -18.33367235851032
2343 -18.32980581926842
2344 -18.33333139656132
2345 -18.340805373580004
2346 -18.347162344378084
2347 -18.329670605503633
2348 -18.336572258388603
2349 -18.33872950068781
2350 -18.33558909501605
2351 -18.34427148356833
2352 -18.345812124940842
2353 -18.33991108416513
2354 -18.348049009732026
2355 -18.345536101265903
2356 -18.343036722965277
2357 -18.348148578762693
2358 -18.35418609320429
2359 -18.35100698057114
2360 -18.344665203263972
2361 -18.3627249242701
2362 -18.357366463620114
2363 -18.34914501119933
2364 -18.347771030250406
2365 -18.350250497075187
2366 -18.352669888645035
2367 -18.35167491364038
2368 -18.37037372212539
2369 -18.343423286606104
2370 -18.342382846963567
2371 -18.368221971266692
2372 -18.35554910988374
2373 -18.354372393498814
2374 -18.36033912936418
2375 -18.364584211862663
2376 -18.35617599119254
2377 -18.34661969478022
2378 -18.360357178977566
2379 -18.35666343074332
2380 -18.349113152400328
2381 -18.35206145378192
2382 -18.342218237249547
2383 -18.36924489382198
2384 -18.349119757892527
2385 -18.36102827093656
2386 -18.372865725182155
2387 -18.355263796519424
2388 -18.356008076377044
2389 -18.37557774817172
2390 -18.360951116009154
2391 -18.35866113112177
2392 -18.3563358551489
2393 -18.38071278017137
2394 -18.37740765232768
2395 -18.369595950924854
2396 -18.37353457306356
2397 -18.380124951221106
2398 -18.371091030503734
2399 -18.365882290561206
2400 -18.371904993121547
2401 -18.36317496748027
2402 -18.354692019431155
2403 -18.36900283633548
2404 -18.37190690501687
2405 -18.360596628745434
2406 -18.373110146695588
2407 -18.360753924999155
2408 -18.374469993964883
2409 -18.36305285173412
2410 -18.369408083340446
2411 -18.38380468337278
2412 -18.381306815271813
2413 -18.38284878672475
2414 -18.369336295058314
2415 -18.36879421077698
2416 -18.378578104744864
2417 -18.375058721869994
2418 -18.3873081224725
2419 -18.37065720934046
2420 -18.373048129964506
2421 -18.37141193127713
2422 -18.375362060987346
2423 -18.38450393775523
2424 -18.37420060073306
2425 -18.378193064253868
2426 -18.38642115160462
2427 -18.383636073184796
2428 -18.3818988054759
2429 -18.383180707261992
2430 -18.374934038014
2431 -18.390955045924294
2432 -18.38270753074665
2433 -18.370254270524303
2434 -18.3816683486168
2435 -18.396128637988937
2436 -18.397625217818696
2437 -18.383201855244597
2438 -18.3800966589786
2439 -18.385025580523614
2440 -18.380114247227343
2441 -18.38331728069875
2442 -18.386611639538966
2443 -18.384825467856555
2444 -18.37301494516605
2445 -18.40825068820109
2446 -18.395770690310947
2447 -18.38137522112978
2448 -18.392176296176505
2449 -18.377833024196747
2450 -18.371304903120823
2451 -18.389510507844985
2452 -18.385530075455268
2453 -18.388218386905773
2454 -18.40281905975584
2455 -18.379580989342124
2456 -18.406929600138447
2457 -18.38151676720694
2458 -18.396154395334477
2459 -18.389250618152044
2460 -18.391268719310816
2461 -18.39223630823852
2462 -18.391310003765597
2463 -18.40730097658301
2464 -18.378986761499895
2465 -18.40619139299499
2466 -18.387413997171624
2467 -18.410699495624886
2468 -18.393469727946492
2469 -18.390019205100142
2470 -18.404449185909996
2471 -18.397373940795465
2472 -18.40230252766482
2473 -18.403147745992783
2474 -18.393657173899026
2475 -18.378204858270063
2476 -18.40931914643085
2477 -18.391284571210875
2478 -18.388257411314925
2479 -18.396954354067976
2480 -18.417053500457445
2481 -18.41107822742305
2482 -18.406283610647165
2483 -18.395921117274018
2484 -18.40561002754376
2485 -18.412554505637715
2486 -18.403757860039303
2487 -18.41197764642552
2488 -18.39270190509824
2489 -18.41328397146913
2490 -18.39878147155834
2491 -18.392744783756992
2492 -18.422136173001253
2493 -18.41665746602735
2494 -18.418037853652184
2495 -18.39602525719521
2496 -18.414902954880834
2497 -18.40040928365591
2498 -18.410069149894912
2499 -18.412686360661148
2500 -18.412986230937815
2501 -18.409376857379673
2502 -18.404457919356023
2503 -18.410467305038658
2504 -18.41839591083068
2505 -18.431610144066966
2506 -18.423018873980265
2507 -18.418267502135777
2508 -18.402649717745547
2509 -18.40213037599986
2510 -18.41855754824375
2511 -18.41445913754248
2512 -18.40813659468878
2513 -18.426186507916707
2514 -18.423061626088447
2515 -18.42229490504884
2516 -18.41861389069941
2517 -18.422697858504744
2518 -18.41202695910079
2519 -18.41393276265712
2520 -18.416009169216736
2521 -18.415772994271855
2522 -18.427775299066415
2523 -18.42155188486799
2524 -18.422719536690035
2525 -18.418645082879333
2526 -18.42963876002124
2527 -18.43079303157975
2528 -18.41969635452029
2529 -18.41853735227195
2530 -18.397539553514562
2531 -18.423101616315314
2532 -18.43158556066051
2533 -18.418188558444143
2534 -18.429749519420234
2535 -18.454679067753837
2536 -18.430181519511315
2537 -18.41299231785059
2538 -18.425210432485418
2539 -18.417613038532213
2540 -18.438618678090577
2541 -18.42586311642547
2542 -18.426484759637866
2543 -18.426947079556047
2544 -18.42708957554973
2545 -18.429482594308652
2546 -18.42889150329587
2547 -18.420025527671406
2548 -18.420877161230486
2549 -18.42239653250731
2550 -18.417816606206184
2551 -18.43382851940289
2552 -18.42498028616664
2553 -18.422090577121025
2554 -18.42515552607505
2555 -18.42515509436878
2556 -18.42122348866206
2557 -18.440955928466632
2558 -18.439194483567576
2559 -18.429270327338273
2560 -18.42894397461962
2561 -18.450978131881072
2562 -18.420725239521936
2563 -18.429600595390344
2564 -18.421407438568654
2565 -18.420249738256885
2566 -18.43806067389826
2567 -18.441858483342788
2568 -18.44571329620892
2569 -18.413596954612572
2570 -18.422951956187458
2571 -18.43430807172469
2572 -18.4339605667772
2573 -18.441138893901627
2574 -18.445421941880277
2575 -18.434793031696216
2576 -18.447945325443932
2577 -18.428712399826303
2578 -18.424754488073134
2579 -18.438635824671984
2580 -18.430321233361898
2581 -18.445742527029967
2582 -18.43132557478977
2583 -18.438593586751843
2584 -18.442456017243494
2585 -18.42836773555537
2586 -18.432427932743078
2587 -18.435375342142923
2588 -18.437083037671275
2589 -18.441400689675177
2590 -18.422766057478665
2591 -18.444299249512
2592 -18.442457989551066
2593 -18.439372130032567
2594 -18.44657779827624
2595 -18.43845866654809
2596 -18.433226225604955
2597 -18.436369014916114
2598 -18.43850315201949
2599 -18.436842371957496
2600 -18.442177063393732
2601 -18.43710783524826
2602 -18.461787731674754
2603 -18.43518371508843
2604 -18.440277309555437
2605 -18.44718701692435
2606 -18.44043224877299
2607 -18.446441441276153
2608 -18.449854156649433
2609 -18.45156274706831
2610 -18.438311801823335
2611 -18.445164761325323
2612 -18.44652324134231
2613 -18.45733813830752
2614 -18.443243458274903
2615 -18.463142931079044
2616 -18.447030451100435
2617 -18.436736486953304
2618 -18.435367563435012
2619 -18.443337990916543
2620 -18.45275840886218
2621 -18.455939424584173
2622 -18.457898695757393
2623 -18.44812068788187
2624 -18.455860738198524
2625 -18.462237252288073
2626 -18.451022566242653
2627 -18.44692496576942
2628 -18.445888580246113
2629 -18.459157399077604
2630 -18.44380225061337
2631 -18.445080403977656
2632 -18.45011144070445
2633 -18.455119618266586
2634 -18.448442540433533
2635 -18.451779606825188
2636 -18.45567196101329
2637 -18.452988042271222
2638 -18.452855704577427
2639 -18.45556960919255
2640 -18.451838595100714
2641 -18.454065073805452
2642 -18.453198587421145
2643 -18.44494675441194
2644 -18.456709439255963
2645 -18.459890071626226
2646 -18.45513240778308
2647 -18.4615674083589
2648 -18.453113670125163
2649 -18.47013255689836
2650 -18.451283444335285
2651 -18.45468859478752
2652 -18.466183542371276
2653 -18.455159680081227
2654 -18.43963371361862
2655 -18.458116572890752
2656 -18.462531204200715
2657 -18.462709659386327
2658 -18.453731514706263
2659 -18.453311355612033
2660 -18.465653648136406
2661 -18.453822951734356
2662 -18.454166182470946
2663 -18.4585367588653
2664 -18.45947335231198
2665 -18.47031176883565
2666 -18.459190779954596
2667 -18.47067334239809
2668 -18.459590104264656
2669 -18.461750880114842
2670 -18.458930360993907
2671 -18.460425457018925
2672 -18.45900611228752
2673 -18.45827533459485
2674 -18.464571095827335
2675 -18.45223083682252
2676 -18.46783735060238
2677 -18.45824829691107
2678 -18.477428251135184
2679 -18.463180089673227
2680 -18.45809758157012
2681 -18.463997120144853
2682 -18.458644418738523
2683 -18.460663718225597
2684 -18.462251129761526
2685 -18.471552926469425
2686 -18.469393264528566
2687 -18.458540829868767
2688 -18.461853343559206
2689 -18.4654478501826
2690 -18.46031065581382
2691 -18.463621410497023
2692 -18.46339939570164
2693 -18.47187578544484
2694 -18.444813834016937
2695 -18.461697005107233
2696 -18.460369956099687
2697 -18.448634862993078
2698 -18.468868021106022
2699 -18.47580136038723
2700 -18.47974601266242
2701 -18.45551413335203
2702 -18.468311650236558
2703 -18.478623882745765
2704 -18.46273929647574
2705 -18.461924612162683
2706 -18.47231162336532
2707 -18.478937973169167
2708 -18.459851816944788
2709 -18.463794530277926
2710 -18.471263549813013
2711 -18.465953856530252
2712 -18.47569639921224
2713 -18.46993972932914
2714 -18.466460452297582
2715 -18.46500699466832
2716 -18.465965621341432
2717 -18.466369932584126
2718 -18.47171729067492
2719 -18.455526107457377
2720 -18.486009134595335
2721 -18.467370669749506
2722 -18.47458970540807
2723 -18.47359755818806
2724 -18.476302498406845
2725 -18.471195838756152
2726 -18.4742543062265
2727 -18.46980556422035
2728 -18.481051322692508
2729 -18.451726725581608
2730 -18.481324387444545
2731 -18.472509288773008
2732 -18.461391991363538
2733 -18.462919672116165
2734 -18.46357875618046
2735 -18.473856944745343
2736 -18.473256549030324
2737 -18.481381863676507
2738 -18.461770483555
2739 -18.46997634369668
2740 -18.471400770452977
2741 -18.467831945897885
2742 -18.460498487523026
2743 -18.475098668117116
2744 -18.481170782513544
2745 -18.484109885083267
2746 -18.477074528561314
2747 -18.469500512728356
2748 -18.48398046440004
2749 -18.48103182691627
2750 -18.47783331397782
2751 -18.464553248128084
2752 -18.48246139390443
2753 -18.48002956757691
2754 -18.4745888412211
2755 -18.48498548524027
2756 -18.471239283364884
2757 -18.485614210365064
2758 -18.47881212708306
2759 -18.499872906408694
2760 -18.483363430910828
2761 -18.480199783692402
2762 -18.498627937763793
2763 -18.48839307267811
2764 -18.461321796078593
2765 -18.476132106144615
2766 -18.488514792328207
2767 -18.473099740869475
2768 -18.47606546817292
2769 -18.476505949889376
2770 -18.475164548447747
2771 -18.48948941510969
2772 -18.47740410353054
2773 -18.47715924113295
2774 -18.463924932452308
2775 -18.478665385109668
2776 -18.49291776427143
2777 -18.469846208598085
2778 -18.467674989073956
2779 -18.472576025422843
2780 -18.485687231969898
2781 -18.481143987720117
2782 -18.48606476534241
2783 -18.48187162954862
2784 -18.476644218821836
2785 -18.497677366555994
2786 -18.482782395687913
2787 -18.483764796486053
2788 -18.480702842318173
2789 -18.489404111633696
2790 -18.480574039924758
2791 -18.49475704054072
2792 -18.467323251231505
2793 -18.482450282402684
2794 -18.480598088620784
2795 -18.468774218374904
2796 -18.484533547987297
2797 -18.48464214209289
2798 -18.48853355497319
2799 -18.479911776491743
2800 -18.48423270009048
2801 -18.479143555862517
2802 -18.485146253169386
2803 -18.478056692033118
2804 -18.482824961101816
2805 -18.46824978435333
2806 -18.490182500536065
2807 -18.48477168008998
2808 -18.497899720143582
2809 -18.485901569749238
2810 -18.480774701517564
2811 -18.48417084707554
2812 -18.466904895118496
2813 -18.48369383561659
2814 -18.49070823831391
2815 -18.498973818538808
2816 -18.4857334180661
2817 -18.474011070778545
2818 -18.490310649078314
2819 -18.485985224958593
2820 -18.481071286841587
2821 -18.500672775286795
2822 -18.479965089036227
2823 -18.497546543496707
2824 -18.48572270805076
2825 -18.490616132360174
2826 -18.49168975974422
2827 -18.47913738899583
2828 -18.495328783749482
2829 -18.501100922778846
2830 -18.48046687674809
2831 -18.500205062417827
2832 -18.49577191811791
2833 -18.49334729553241
2834 -18.497358458797134
2835 -18.490778989757274
2836 -18.494485810827538
2837 -18.487656839358433
2838 -18.498023112273447
2839 -18.496287549193585
2840 -18.491658774709226
2841 -18.487972528349324
2842 -18.491301856153633
2843 -18.49785075088184
2844 -18.48111996533313
2845 -18.496946683537146
2846 -18.49449923711121
2847 -18.49207544154671
2848 -18.49513705273245
2849 -18.49940712828473
2850 -18.50569841943753
2851 -18.492462365402023
2852 -18.508896501571346
2853 -18.50272250131326
2854 -18.483036541858983
2855 -18.480410718885576
2856 -18.48971224134229
2857 -18.490683571802663
2858 -18.486081471124507
2859 -18.510590757944573
2860 -18.48943745260357
2861 -18.504248232008575
2862 -18.49525244783178
2863 -18.494018897452015
2864 -18.489524642965613
2865 -18.485448757932442
2866 -18.48771610356234
2867 -18.48830554535285
2868 -18.49096119016043
2869 -18.503029343834005
2870 -18.48978715431266
2871 -18.48188363036039
2872 -18.493617306922328
2873 -18.490477683539222
2874 -18.502688758108867
2875 -18.497241441946915
2876 -18.49324716188054
2877 -18.488597786314777
2878 -18.506895276963448
2879 -18.485214439299465
2880 -18.489675829597363
2881 -18.498026931610106
2882 -18.490177041798184
2883 -18.504226291742096
2884 -18.49009639366511
2885 -18.489019228015795
2886 -18.502351595326534
2887 -18.500806615543876
2888 -18.493876667816416
2889 -18.497405819174492
2890 -18.494099957448142
2891 -18.500473748708362
2892 -18.503816563380244
2893 -18.495633698156524
2894 -18.492116001416328
2895 -18.498868530755928
2896 -18.50243131471176
2897 -18.491867107442314
2898 -18.50544584434864
2899 -18.51085544268577
2900 -18.4951690590857
2901 -18.509296807136817
2902 -18.502821721986965
2903 -18.501960001368698
2904 -18.518378833712724
2905 -18.498305256532184
2906 -18.50319734702277
2907 -18.49169459071676
2908 -18.502876626459418
2909 -18.51443987446413
2910 -18.48959965754928
2911 -18.503779496682565
2912 -18.490275277639718
2913 -18.50738533890268
2914 -18.496039142196697
2915 -18.51053028736645
2916 -18.491793720893156
2917 -18.506225473814446
2918 -18.497990808668714
2919 -18.50405050765309
2920 -18.508190897277895
2921 -18.498137375944275
2922 -18.51931278575608
2923 -18.515263882524135
2924 -18.48822780636384
2925 -18.490190851826956
2926 -18.49922566701605
2927 -18.5037934152561
2928 -18.507147745711105
2929 -18.512295680075187
2930 -18.513520351788205
2931 -18.50331433991068
2932 -18.511997056312715
2933 -18.51443069074249
2934 -18.51444642342229
2935 -18.508791963168974
2936 -18.514021680754674
2937 -18.506988533439273
2938 -18.51088070721526
2939 -18.50460304599348
2940 -18.501699843356615
2941 -18.51096673449871
2942 -18.50746600036916
2943 -18.50183167241694
2944 -18.49681419462019
2945 -18.49905697636734
2946 -18.50563550830116
2947 -18.502965252884795
2948 -18.521766155354324
2949 -18.49369885171665
2950 -18.513526365253064
2951 -18.500070979746475
2952 -18.50297201330205
2953 -18.502762936988823
2954 -18.51372411401444
2955 -18.508063881105468
2956 -18.507703938062015
2957 -18.507283393614617
2958 -18.51921489077872
2959 -18.51031472341631
2960 -18.501287917553444
2961 -18.49981113997681
2962 -18.510775249760545
2963 -18.528073087062396
2964 -18.511366847210102
2965 -18.509472631078264
2966 -18.514588875511443
2967 -18.516561227107086
2968 -18.515552061201564
2969 -18.518764205435943
2970 -18.497272134746165
2971 -18.51930316051789
2972 -18.51114028128345
2973 -18.497193846408546
2974 -18.506964084238916
2975 -18.49904470850696
2976 -18.49783391756268
2977 -18.501837341759902
2978 -18.52392072607121
2979 -18.499713292214945
2980 -18.510391732358812
2981 -18.49737844851988
2982 -18.50403795722615
2983 -18.51411040632624
2984 -18.499090276998675
2985 -18.51724708658767
2986 -18.507497757469363
2987 -18.506434486661057
2988 -18.523839820846444
2989 -18.520705407342632
2990 -18.52307337491822
2991 -18.509247308103102
2992 -18.506093263236412
2993 -18.50951270496382
2994 -18.499918855285827
2995 -18.51730623468479
2996 -18.516285911184617
2997 -18.525302460426
2998 -18.525055324327592
2999 -18.49027409544699
3000 -18.499405346544194
3000 -18.530173274326927
3000 -18.512245337587867
3001 -18.506613232798852
3002 -18.53019647571344
3003 -18.526243804389743
3004 -18.512053207000385
3005 -18.501028168793006
3006 -18.51461492322778
3007 -18.521572640286756
3008 -18.524951736398876
3009 -18.499551028021525
3010 -18.50845602622529
3011 -18.51086498700016
3012 -18.51547731625434
3013 -18.512934757903125
3014 -18.521977670886894
3015 -18.505131610066634
3016 -18.526216248075006
3017 -18.503758666111466
3018 -18.525349975774553
3019 -18.51970057774863
3020 -18.519104468241384
3020 -18.50830131306507
3021 -18.528213585587906
3022 -18.525815493046643
3023 -18.506026956356774
3024 -18.52607062666653
3025 -18.504802694565555
3026 -18.514654791802172
3027 -18.509418167725713
3028 -18.50546885861739
3029 -18.51658956622494
3030 -18.512527639937463
3031 -18.51821192877848
3032 -18.514277439533405
3033 -18.520693423335906
3034 -18.519676312226697
3035 -18.512183157000564
3036 -18.5141266722864
3037 -18.51422273617433
3038 -18.511981397827725
3039 -18.52070529519468
3040 -18.512701567549247
3040 -18.518969989822946
3041 -18.514194522867854
3042 -18.52135897067299
3043 -18.513347602883293
3044 -18.52835134926399
3045 -18.51774905164695
3046 -18.51136204963583
3047 -18.5249571727368
3048 -18.511143701837568
3049 -18.518542311688797
3050 -18.515734741660623
3051 -18.51811239786701
3052 -18.525540936744097
3053 -18.510009067084024
3054 -18.512062190549095
3055 -18.523358433040503
3056 -18.520196792720313
3057 -18.519185988253533
3058 -18.51043507462292
3059 -18.528090493707268
3060 -18.504771130565707
3060 -18.51192916945579
3061 -18.50676169282706
3062 -18.509390207086163
3063 -18.52830419917104
3064 -18.522518485412757
3065 -18.516207672458826
3066 -18.51552699092785
3067 -18.52602173256414
3068 -18.503007392085294
3069 -18.51392110353724
3070 -18.519477979293363
3071 -18.537716805473902
3072 -18.517061099500026
3073 -18.51621683477918
3074 -18.518309260354023
3075 -18.514038461979077
3076 -18.520742687401153
3077 -18.52248153406966
3078 -18.52223823056103
3079 -18.522889027959483
3080 -18.521417240802705
3080 -18.524369616591656
3081 -18.5141776073766
3082 -18.513668306003357
3083 -18.513850704662847
3084 -18.524185415152562
3085 -18.520935019238618
3086 -18.52339048140523
3087 -18.514874859862523
3088 -18.51589265502227
3089 -18.510728949883884
3090 -18.515506835081972
3091 -18.52169129091761
3092 -18.512862403165606
3093 -18.515361638522926
3094 -18.52211988736385
3095 -18.521769687129648
3096 -18.51735459213302
3097 -18.522011870936968
3098 -18.524048778004108
3099 -18.522166210410134
3100 -18.527839869601543
3100 -18.512622797731662
3101 -18.523869955901617
3102 -18.52691272531401
3103 -18.529399833107707
3104 -18.52731011566508
3105 -18.52185053348602
3106 -18.523466147682722
3107 -18.536716166461527
3108 -18.521005911234397
3109 -18.51355437477576
3110 -18.5239221316842
3111 -18.525421445150112
3112 -18.510144282975368
3113 -18.521786669503957
3114 -18.519092214247163
3115 -18.520539572027108
3116 -18.537415994691294
3117 -18.534372739055474
3118 -18.522341759056506
3119 -18.523486096206284
3120 -18.527684801611205
3120 -18.52456471600547
3121 -18.543917609345367
3122 -18.529803047399074
3123 -18.52744017400497
3124 -18.5265071579297
3125 -18.529240393057304
3126 -18.52886241753763
3127 -18.518071006809325
3128 -18.524735149010755
3129 -18.523262428942253
3130 -18.52292763692398
3131 -18.52707512046229
3132 -18.516018458473507
3133 -18.536794534460228
3134 -18.525590837019063
3135 -18.532918812531232
3136 -18.52375571776244
3137 -18.51337111626227
3138 -18.528336957753535
3139 -18.520275792598273
3140 -18.520050824170756
3140 -18.5269012182947
3141 -18.526100288363978
3142 -18.526152469055596
3143 -18.52135794144894
3144 -18.532263307415697
3145 -18.523465001421304
3146 -18.506342405397945
3147 -18.523059826858603
3148 -18.534081630865558
3149 -18.542116265474895
3150 -18.52625267755384
3151 -18.526536429973046
3152 -18.529159308958892
3153 -18.52129878868061
3154 -18.50834397689261
3155 -18.538284213684523
3156 -18.538904278249042
3157 -18.52700187764047
3158 -18.51879381628427
3159 -18.526535372193855
3160 -18.522333033506797
3160 -18.537073848072037
3161 -18.53213383538811
3162 -18.535424298055005
3163 -18.526389843646626
3164 -18.51726407322415
3165 -18.527305604606774
3166 -18.53032389003817
3167 -18.523929580355073
3168 -18.535662080735484
3169 -18.53258983221003
3170 -18.54471734177502
3171 -18.529915733784765
3172 -18.525532147919343
3173 -18.522794910996296
3174 -18.52197823466135
3175 -18.515158483778258
3176 -18.537603142933534
3177 -18.537640626298263
3178 -18.522062390155295
3179 -18.52368583651001
3180 -18.540919829277122
3180 -18.513864699313295
3181 -18.51970150391977
3182 -18.5105506325227
3183 -18.529624729341265
3184 -18.519611520504004
3185 -18.535577880015875
3186 -18.52173094947113
3187 -18.525198253669696
3188 -18.51398753536463
3189 -18.532127349787647
3190 -18.545475776480426
3191 -18.516088189865933
3192 -18.51569478029252
3193 -18.53118103875568
3194 -18.52582907768359
3195 -18.520878554197655
3196 -18.539028522006525
3197 -18.535355096957662
3198 -18.513081544271575
3199 -18.531201871188312
3200 -18.52202868268221
3200 -18.52475139975429
3201 -18.516599219408835
3202 -18.532049194439725
3203 -18.524800083384804
3204 -18.523687164477135
3205 -18.53332286869848
3220 -18.527577819275166
3240 -18.536773522800804
3260 -18.51769415243243
3280 -18.51413031885127
3300 -18.527489858260818
3320 -18.54603000408734
3340 -18.520018344516316
3360 -18.538249285217653
3380 -18.537314372667158
3400 -18.536509244649878
3420 -18.542615194922007
3440 -18.534532975950277
3460 -18.54716199000243
3480 -18.5269451463788
3500 -18.52975916389687
3520 -18.538823780475056
3540 -18.537886218396544
3560 -18.542329307409894
3580 -18.548846890072394
3600 -18.54196686342958
3620 -18.534585074030655
3640 -18.541789741728245
3660 -18.564571176679753
3680 -18.540194928584494
3700 -18.542830542585225
3720 -18.545064837295318
3740 -18.550604543355536
3760 -18.550307900563425
3780 -18.54798291807576
3800 -18.55280224825317
3820 -18.55413626928002
3840 -18.540349782721833
3860 -18.550137430216388
3880 -18.54242247533882
3900 -18.554245050445026
3920 -18.536213646565308
3940 -18.552879416981646
3960 -18.553226306144627
3980 -18.548988106480895
4000 -18.554605841656354
4020 -18.55099907382222
4040 -18.547971588380474
4060 -18.550822014269404
4080 -18.55502885289163
4100 -18.56374569701972
4120 -18.54943205446496
4140 -18.54181176030277
4160 -18.55560913586157
4180 -18.54334147462761
4200 -18.55495628241168
4220 -18.54965022368476
4240 -18.555833476059316
4260 -18.552182545502816
4280 -18.54587137030219
4300 -18.553080002897364
4320 -18.54240738237627
4340 -18.543425623332713
4360 -18.547211061632602
4380 -18.54995340380913
4400 -18.552463293560592
4420 -18.55028636586726
4440 -18.548017667840032
4460 -18.554715963762312
4480 -18.546283910297667
4500 -18.556606963826514
4520 -18.549911703934846
4540 -18.553381554132184
4560 -18.548542056052852
4580 -18.54565416772493
4600 -18.552731657075544
4620 -18.558105477343215
4640 -18.553781260092535
4660 -18.549446164582363
4680 -18.555395871879636
4700 -18.555102904927352
4720 -18.548204316942947
4740 -18.556541822354085
4760 -18.55090714754852
4780 -18.549861761273743
4800 -18.55180493878875
4820 -18.55728017878088
4840 -18.55196609906594
4860 -18.55109116177642
4880 -18.560790087506565
4900 -18.56385243463009
4920 -18.56025588265966
4940 -18.55768891515088
4960 -18.553822610327384
4980 -18.552202792081488
5000 -18.557725631112252  
5000 -18.556050519941362
5001 -18.5597243691909
5002 -18.553958997873885
5003 -18.556809779740334
5004 -18.554523438881986
5005 -18.54771726442672
5006 -18.559776962406417
5007 -18.559234991777227
5008 -18.560490707787306
5009 -18.549703306738916
5010 -18.554279284190102
5011 -18.550788967528366
5012 -18.561782559196157
5013 -18.55421567140508
5014 -18.557637112432953
5015 -18.563867805208115
5016 -18.554275291022037
5017 -18.557034615295663
5018 -18.55821464221098
5019 -18.55672616734751
5020 -18.558142942210512
5050 -18.55510606815928
5100 -18.559876795135178
5150 -18.55731486294577
5200 -18.55254357270607
5250 -18.56329258467043
5300 -18.56151721863756
5350 -18.571148925396017
5400 -18.57174059702349
5450 -18.574668285014255
5500 -18.57741078707053
5550 -18.56977125532363
5600 -18.5839112956415
5650 -18.57680617724976
5700 -18.584890691671678
5750 -18.583581667660432
5800 -18.586242776077377
5850 -18.593939605973098
5900 -18.59257082153605
5950 -18.59262288472236
6000 -18.59534323083388
6050 -18.59917306541698
6100 -18.598662474866995
6150 -18.59093456467684
6200 -18.593636486924314
6250 -18.594818353851892
6300 -18.59814385226127
6350 -18.59651786276392
6400 -18.59991204212593
6450 -18.592695854040585
6500 -18.596800428694774
6550 -18.596985141951325
6600 -18.59831059450814
6650 -18.595655042137917
6700 -18.601570961989104
6750 -18.5948129307105
6800 -18.592579212630966
6850 -18.593328474612385
6900 -18.592646528016697
6950 -18.595894149750794
7000 -18.602288343043224
7000 -18.591815307323163
7020 -18.59749898018145
7040 -18.595992678840762
7060 -18.593958873760357
7080 -18.585453808465555
7100 -18.60054271380412
7120 -18.599225916870456
7140 -18.600057800346818
7160 -18.593910781149248
7180 -18.594571280947438
7200 -18.595709007406064
7220 -18.589913025663535
7240 -18.601729886029002
7260 -18.591856206681232
7280 -18.5971989464965
7300 -18.591497317112374
7320 -18.589573559692056
7340 -18.597019382226925
7360 -18.599097036108528
7380 -18.599629759598745
7400 -18.59632911230251
7420 -18.59729539829583
7440 -18.59157074263478
7460 -18.598638565429514
7480 -18.599266375817287
7500 -18.603632989037735
7520 -18.595708056181557
7540 -18.59501917063208
7560 -18.597764671391133
7580 -18.590764676073654
7600 -18.59973538088478
7620 -18.59692636918728
7640 -18.590655054065937
7660 -18.595149812892586
7680 -18.593817682755013
7700 -18.59460307398423
7720 -18.60071686912428
7740 -18.592184682501454
7760 -18.589331090056113
7780 -18.59900582141166
7800 -18.59570883305636
7820 -18.60002681490442
7840 -18.591184691410163
7860 -18.598060634663188
7880 -18.60212353444023
7900 -18.602236356653886
7920 -18.591206169143984
7940 -18.594204709589555
7960 -18.599077048688947
7980 -18.5961242719486
8000 -18.596897529808206  